	Bg40721_2D9	1897B	UCD398	Bg155.S08_5B11	UCD399	JCM1217	2074B	JDM301	ATCC15697	APC1478	239-2	2005B	JCM19995	NCC5000	Bg41121_2E1	AGR2137	Bg131.S11_17.F6	APC1461	UMA026	BgEED06	BSM11-5	LFYP82	UCD391	BT1	M257B_A6	DSM20211	NCC2705	209B
Bg40721_2D9	1.0	0.9494815389830508	0.9596378212290502	0.9594266474654377	0.9573093534994069	0.951352701986755	0.9558839547349615	0.9581440023001726	0.9812160370009736	0.9499624363161333	0.9486438919667591	0.9578366256914567	0.959247536585366	0.9583173109721433	0.9593598448275863	0.9566301595092026	0.9604879756637168	0.956473949579832	0.9594409428403065	0.9562649574588769	0.9566413763563678	0.9488521300597214	0.9567326627218935	0.9786375225867809	0.9604942666666666	0.955414669117647	0.9516715655577299	0.9588484686918782
1897B	0.9490886111111111	1.0	0.9627744260282382	0.9606604434993924	0.9608225997581622	0.9693888199513382	0.9596742821934688	0.9619580480295566	0.9487471818787475	0.970018144329897	0.9910317144268774	0.9588848449131515	0.9614404856787048	0.9606890687499999	0.9600716468378209	0.95897706918239	0.9588513756281405	0.9596498589822194	0.9598843392747388	0.9608678700811993	0.9616405918618989	0.9923253925716972	0.9613027619047618	0.9519872562205783	0.9620479357231151	0.9601397982345524	0.9683189634864546	0.9617999754299754
UCD398	0.9593044892002336	0.9602888794084186	1.0	0.9820446541200407	0.9810476291322314	0.9633244882790166	0.9900481585677748	0.9796631213254944	0.9588243315820197	0.9642349015063733	0.9602935878787878	0.9855336557462299	0.9912050573566085	0.9825997640272681	0.9815343054082715	0.9861943307086616	0.9818432197977649	0.9854361300309598	0.986020745967742	0.9818051070496082	0.981688529259451	0.9610901181334908	0.9882189673622258	0.9612928546712801	0.9815749288350027	0.9876813148614609	0.9659866779089376	0.9854244699286442
Bg155.S08_5B11	0.9580040963855422	0.9583069050480769	0.9811936393264532	1.0	0.9876459486447933	0.9607291597139452	0.9798176826608507	0.9806849674185465	0.9580015279361459	0.9630825865102638	0.9567245408163265	0.9812578349973725	0.9820097295864263	0.9977796001683502	0.9876347463936714	0.9812205818965517	0.9834806210855949	0.9797105825761625	0.9793395128479656	0.989053475580844	0.987035108490566	0.9561647946045372	0.9807017066369212	0.9598917220033767	0.9866183967017866	0.9805037232375979	0.9627235239206534	0.9797839347826087
UCD399	0.9580838727995458	0.9610911461318051	0.9809851974723537	0.9881037166138525	1.0	0.9627888238604391	0.9799739197041732	0.9815818904507999	0.9602425	0.96368136214442	0.9597083700178465	0.9804284408879711	0.9816966565503289	0.9887037889039243	0.9869391728280961	0.9810327095413812	0.9829539747474748	0.9802912271540472	0.9795145962732917	0.9879006918819188	0.9871339891451832	0.9584521756835369	0.9817799357257632	0.9600308950276243	0.986784158013544	0.9814656497461929	0.9641943950478333	0.9800244897959184
JCM1217	0.9511907534699273	0.968721482381531	0.9638519004250152	0.9615393206197855	0.9631242145820984	1.0	0.9639125621301776	0.9647932147093713	0.949852285361334	0.9865401023541454	0.9683662793572313	0.9637684787735851	0.9642006884480747	0.962005203106332	0.9638579246411483	0.9621841937424789	0.9622872828784119	0.964131017857143	0.9620466829566282	0.9614642787583689	0.961987309495897	0.9686306942752739	0.9644601834282099	0.9535824595469256	0.9632985940246046	0.9634735675997618	0.9865195230607967	0.9646931726907632
2074B	0.9543722104644325	0.9585753046153846	0.9907406509846827	0.9816033825944172	0.9806380110497238	0.9642322870756401	1.0	0.9785019116022099	0.9588191390728477	0.9642582079905992	0.9585768139390167	0.9833969879518071	0.9921662023385868	0.982819983982915	0.981098317959848	0.9853746282327586	0.9780438702583837	0.9832824302575109	0.9831756638115632	0.9794859771366359	0.9798482740308019	0.9582707177615573	0.987885923566879	0.9587396863905324	0.9820957399347117	0.9873882048517519	0.9658961695906433	0.9838972279371955
JDM301	0.9581667741935485	0.9623283394607843	0.9800703646723646	0.9819145362392298	0.9831009533572527	0.9652428452380953	0.9797000445186421	1.0	0.9595041226575808	0.9663502474108171	0.960647998729352	0.9792341530944625	0.9798248072687225	0.9826833718013046	0.9823628686058176	0.9783060718171926	0.980209924690694	0.9786034324324325	0.9795205998928762	0.9835356684755796	0.9824361602753195	0.9607124144254278	0.9789869750889681	0.9610190411731528	0.982302984031936	0.9789392388306675	0.9663525345622119	0.9795781888035126
ATCC15697	0.9805027135187896	0.9506680433310765	0.9589705790784558	0.9579404514285716	0.9599030662824208	0.9500161970074812	0.9591691732522796	0.9599297551252847	1.0	0.9499327413127414	0.9507440846994537	0.9560772296476304	0.9606384414796847	0.9589097159420291	0.9588014969393432	0.9568433563362608	0.9590562903225807	0.9569687985654514	0.9596118768328447	0.958477638731597	0.9583645025582718	0.9500971551724139	0.9584360409781891	0.9778920771796094	0.9605517901938426	0.9570444203347801	0.9509641819371727	0.9600272211838007
APC1478	0.9506971259842522	0.970199654754694	0.9660554391468005	0.9644397458628841	0.9663965852239674	0.9872801237113401	0.9647939241256669	0.9671940535818289	0.9511116774193549	1.0	0.969215991352687	0.9644484319526627	0.9654216813122437	0.9638795693215338	0.9651116501457726	0.964014449704142	0.9612559789993823	0.9645798466981133	0.9637529776974081	0.9640884835820895	0.963536781542056	0.9699079438682122	0.9655423062261754	0.9546346277278562	0.9644082387022016	0.9642314013118665	0.9873753208556152	0.9654942184776293
239-2	0.9497172530446552	0.9916750262780698	0.9616756981132075	0.9603055937500001	0.9616022504537206	0.9696109732360096	0.9601472073170731	0.960778451137062	0.9505085136031853	0.9682628012048192	1.0	0.9595294136191678	0.9611917683302527	0.9601920448877806	0.960887708845209	0.9571238669177652	0.9592744043982896	0.9593393784615385	0.9600873188854491	0.959524209215442	0.9595526030769231	0.993657474560592	0.9602250825082507	0.9528879197324415	0.9603505327617883	0.9597119550281075	0.9681740673886883	0.9607916329036219
2005B	0.9564390467404674	0.9585838044831881	0.985106119153675	0.9805777976817701	0.9810113008130081	0.9623737050147493	0.9818491930207198	0.977696869234943	0.9536314598540147	0.9628224956165984	0.9576732902391726	1.0	0.9826501022604951	0.9816154299363057	0.9799645367412143	0.9883947234678625	0.9783571973094171	0.9894473484848486	0.9885428636826044	0.9811393257820926	0.979996747624076	0.9586440262993112	0.9815248633575014	0.9581839296362551	0.9813205159574467	0.9814462298491939	0.9641261392405065	0.988318635210553
JCM19995	0.9581608623853209	0.9601508760024676	0.9912389835892007	0.9825819072988812	0.9822573977695167	0.9637635889929742	0.9919921199796643	0.9796683517089305	0.9597819133574008	0.9654119384793965	0.959834842964824	0.9851616972972974	1.0	0.9837386673773988	0.9827473778501628	0.9859639717083788	0.9804316862088218	0.9859901037117905	0.9861188345864663	0.9832109813596492	0.9831864437194129	0.9601488806888068	0.9884604817275746	0.9598285160905841	0.9821350293960448	0.9884336222910216	0.9657912865497076	0.9859026759806557
NCC5000	0.9580302046617395	0.9597613105590063	0.9822361353467561	0.9976203353140918	0.9886350047709924	0.961833977204559	0.9810257990379477	0.9826633014594868	0.9592728472222223	0.9627454833040421	0.9585833652618133	0.9826680995717345	0.9833172019334049	1.0	0.9876972692853763	0.9813528167482328	0.9847438157209787	0.980419240710824	0.9800580643431636	0.9892307430194037	0.9875862757009345	0.9583758983890954	0.9823362607204117	0.9603839729119639	0.9886644098205857	0.9820751997868941	0.9621280662020907	0.9806184375
Bg41121_2E1	0.9574008767908311	0.9590281346510192	0.981301654349062	0.9871037436135625	0.9865988845780795	0.9616846511627907	0.979472088505127	0.9806844776119404	0.9588798940914159	0.9633350463499422	0.9582597292191437	0.9798301546666666	0.9813269030860856	0.9868569112149534	1.0	0.9797526978998384	0.983094052953157	0.9788651583467526	0.9790751949420444	0.9874261920222636	0.9873736443014707	0.9583516019716577	0.9800878673527731	0.9588052669632926	0.9859072091932458	0.9795502241195304	0.9630291508892714	0.9787461406333869
AGR2137	0.9566821931956256	0.9579315704531348	0.9853265770308123	0.9808888531618435	0.9810994124107635	0.9607131279620853	0.9845416139410188	0.9783650976138829	0.9562408974358974	0.9627909384164224	0.9568233717948718	0.9890615855494229	0.9854895596133192	0.9813423381487426	0.9799344959999999	1.0	0.9774653378378377	0.9896708220551379	0.988638424796748	0.9818544438444924	0.980311381302521	0.9577583074051027	0.9839684567901235	0.957603759666865	0.9814093753365642	0.983872625	0.9643573749999999	0.9874978887744594
Bg131.S11_17.F6	0.9614138534147696	0.9594078279974889	0.9821014424728104	0.9841887916666668	0.9834445659163987	0.9618053717472118	0.9801037375415282	0.9795845770877943	0.9612890545863816	0.9621638824249847	0.9590155331230283	0.9801718616422948	0.9816227507002802	0.985311239626556	0.9845448339294839	0.9786616211604096	1.0	0.9783916629213484	0.9797054364640885	0.9864130687563196	0.985130842639594	0.9589182026537997	0.9800661167971102	0.9613674501108648	0.9845217064315351	0.9801001173840136	0.9620743780487804	0.9799196248600225
APC1461	0.9556901256732496	0.9583394924471298	0.9844835426997246	0.979051902725815	0.9789656870229005	0.9622308087367176	0.981850192513369	0.9770099087003221	0.9560778173190986	0.962964463243874	0.957387144638404	0.9884330611222446	0.9844048916576382	0.9792725251989391	0.978465393258427	0.9888422439759036	0.9763223512906847	1.0	0.9889862198127156	0.9784724049276916	0.9782992255717257	0.9580362222222223	0.9836777990970655	0.9569659883040936	0.9807988360918313	0.9835076275644398	0.963982573932092	0.9887568086147822
UMA026	0.9574153502060037	0.9588814137086904	0.9853682245008096	0.9785166666666666	0.9787219706840391	0.9599498837209302	0.9824348326133908	0.9774612493326216	0.9577878309037903	0.9614909843937575	0.9579866857871254	0.9879672018348623	0.9836487072649572	0.9791103494623657	0.9787580570221753	0.9883436089841757	0.9770975707154742	0.9889332989690721	1.0	0.9798470186666667	0.9788339589905364	0.9593582193468884	0.9820800995316161	0.9599791581342436	0.9806218544102019	0.9817696051919957	0.9639814301994303	0.9879447293879616
BgEED06	0.9572185820468839	0.9604722588674548	0.982050947075209	0.9891573516848601	0.9876217789626758	0.9609694287469287	0.9800191735084839	0.9820333219178083	0.9594875550536419	0.9624889761904761	0.9578664230271672	0.9814201028695182	0.9818150274423709	0.9891197313854854	0.9878789799720541	0.9813014859002169	0.984726475949367	0.9790699946062568	0.9811513800539083	1.0	0.9877001024685608	0.957647294117647	0.9814802313475999	0.9591220856507231	0.9865665049928672	0.9812611900915453	0.9623608941176471	0.9798164975179261
BSM11-5	0.9565062372881356	0.9603988625304135	0.9813621373626373	0.9867583854409705	0.9864990395480228	0.961592374854482	0.9802324364406779	0.9816313317191283	0.9581462317210349	0.9630761507479862	0.9589490449082858	0.9806146129541865	0.9815004948897256	0.9871492307692308	0.9879927376080037	0.9803663252375924	0.9841508140703518	0.97842829002079	0.978756235662148	0.9873076113918237	1.0	0.9587700672371637	0.9806427030033372	0.9587986641221373	0.9882513035633739	0.9803945648775404	0.9628518573046434	0.9792532765957447
LFYP82	0.9486797718120805	0.9917635065543071	0.9623169917144678	0.9587034629861982	0.9584305497861944	0.9694594701170672	0.9599914320835895	0.9596572850958566	0.9498302408026755	0.9682817224589165	0.9933211137667304	0.9597891099809281	0.9611575776397515	0.9581856039850561	0.9583814134495642	0.9570371780303032	0.9587686325301205	0.959073066585217	0.9601996024844721	0.9577198379052367	0.9583423485784921	1.0	0.9616004359673026	0.9525497665110075	0.9610023558897243	0.9610440229153406	0.9672122261693308	0.9612703885853067
UCD391	0.9557113137829911	0.9590956793802146	0.986886297979798	0.9801392073778664	0.9806622282878411	0.9629266159909909	0.9861387724704674	0.97847761829653	0.9553309085580304	0.9634337338573836	0.958678891595615	0.9829179520479521	0.9874053310276679	0.9816019393939395	0.9800671164699847	0.9839120979020979	0.9790785821294808	0.9840663993948563	0.9827292446973616	0.9813424155578301	0.980809115	0.959671917808219	1.0	0.9570223765786453	0.9789922368421051	0.998315955667085	0.9652523863636364	0.9839808820564515
BT1	0.9780919243657252	0.9521631115591399	0.9603607341147439	0.960321787930062	0.9598634619883041	0.9542819413680782	0.9588162567164179	0.9616175512528474	0.9788302167630059	0.9537280815806247	0.9514917322291235	0.9588517025089606	0.9594804104699585	0.9596389239436619	0.9596757029926596	0.9579487055990369	0.9589101601325236	0.9567207251461989	0.9608634555873926	0.9585116060436487	0.9578808808864266	0.9508417058823528	0.9582576664511959	1.0	0.9612781925675676	0.9572231636363635	0.9537426204238922	0.9592746513038206
M257B_A6	0.959512591954023	0.9607199939135729	0.9813044568868982	0.9864109216589861	0.9864975345731998	0.9625915121668597	0.9815806507592192	0.9815665788165092	0.9598451441492368	0.9632474771689497	0.9592179249999999	0.9815089625668448	0.9809062893753336	0.9882963554926921	0.9859401596993894	0.98226239390642	0.9833450646663217	0.9811861241970021	0.9810362764830509	0.9869743374642518	0.9883358863948694	0.9604170418204181	0.9805034650630012	0.9610202572706935	1.0	0.979964976076555	0.9634002719907406	0.9811961247947456
DSM20211	0.9542846135118686	0.9577729883649724	0.9867846325878595	0.9799887261474988	0.9811206127839409	0.9619032295948327	0.9864174772362079	0.9777085987958402	0.9542929596142254	0.9626115272088942	0.9580340566037737	0.9827092192347466	0.9873616538658475	0.9818109401260504	0.9801165904255319	0.9843122550544324	0.9785726918798665	0.9838327086614173	0.9822767914438504	0.9809752358240594	0.9803760363636363	0.958963926380368	0.998092476635514	0.956455867867868	0.9794205285190999	1.0	0.9638023133071308	0.983513486045287
NCC2705	0.9513663642255348	0.9680759650145773	0.9671889969788521	0.9632269221835076	0.964796396928529	0.986868971128609	0.9664836294117648	0.9670549340974214	0.9519115499351491	0.9874944485488127	0.9672631485992692	0.9661347310584154	0.9662510314685315	0.9626521610660486	0.9651503647944413	0.9668521478060048	0.9629736391437309	0.9667781989994442	0.9663636394751857	0.9636834820904286	0.962978803663423	0.9678678658892129	0.9662370114942529	0.954956550836551	0.9637794479953516	0.9652266837899544	1.0	0.967057285793256
209B	0.9576718233082707	0.9603651638349515	0.986012638436482	0.9804834118291348	0.9801200552181115	0.9641009221076747	0.983740644637053	0.9791973948661934	0.9580172761427678	0.964835936416185	0.959133352201258	0.9883860112073357	0.9848754146602461	0.9809521967213114	0.9798035192203572	0.9874250747808148	0.9789924801812006	0.989780928853755	0.9885954037582529	0.9800737843784378	0.980013453663793	0.9599470408163265	0.9840416590909091	0.9590957125382265	0.9812927951674904	0.9836898834745764	0.9658009380142621	1.0
