time	blank_1	blank_2	blank_3	1C11_1	1C11_2	1C11_3	4F7_1	4F7_2	4F7_3	Bg463_1	Bg463_2	Bg463_3	LFYP81_1	LFYP81_2	LFYP81_3	Bg131_1	Bg131_2	Bg131_3
0	0.104	0.109	0.106	0.122	0.112	0.112	0.116	0.116	0.128	0.113	0.111	0.113	0.109	0.113	0.112	0.113	0.114	0.113
0.25	0.103	0.109	0.105	0.122	0.112	0.112	0.116	0.117	0.127	0.113	0.111	0.113	0.111	0.113	0.113	0.113	0.114	0.113
0.5	0.103	0.109	0.105	0.123	0.112	0.113	0.116	0.116	0.127	0.114	0.112	0.114	0.11	0.112	0.113	0.113	0.114	0.114
0.75	0.103	0.109	0.106	0.123	0.113	0.114	0.117	0.117	0.129	0.114	0.113	0.115	0.11	0.113	0.112	0.113	0.114	0.114
1	0.103	0.109	0.105	0.124	0.115	0.115	0.119	0.119	0.131	0.115	0.114	0.116	0.111	0.114	0.113	0.113	0.114	0.114
1.25	0.103	0.109	0.105	0.126	0.116	0.117	0.121	0.122	0.133	0.117	0.115	0.117	0.111	0.114	0.113	0.114	0.114	0.114
1.5	0.103	0.109	0.105	0.128	0.118	0.119	0.124	0.125	0.136	0.118	0.116	0.118	0.112	0.115	0.115	0.115	0.114	0.115
1.75	0.103	0.109	0.105	0.13	0.121	0.122	0.127	0.128	0.14	0.119	0.117	0.12	0.113	0.117	0.115	0.114	0.114	0.115
2	0.103	0.109	0.105	0.133	0.124	0.124	0.13	0.131	0.142	0.121	0.119	0.122	0.114	0.118	0.117	0.114	0.115	0.116
2.25	0.104	0.109	0.106	0.134	0.124	0.125	0.132	0.132	0.144	0.123	0.121	0.124	0.115	0.119	0.118	0.115	0.115	0.116
2.5	0.104	0.109	0.105	0.134	0.125	0.126	0.133	0.134	0.145	0.125	0.123	0.126	0.116	0.12	0.119	0.114	0.115	0.116
2.75	0.104	0.109	0.105	0.135	0.126	0.126	0.134	0.135	0.146	0.125	0.123	0.126	0.117	0.121	0.12	0.125	0.115	0.119
3	0.104	0.109	0.105	0.136	0.126	0.127	0.136	0.136	0.148	0.126	0.123	0.126	0.118	0.121	0.12	0.115	0.116	0.117
3.25	0.104	0.109	0.105	0.136	0.126	0.127	0.137	0.137	0.15	0.126	0.124	0.127	0.118	0.121	0.121	0.115	0.116	0.122
3.5	0.104	0.109	0.105	0.137	0.127	0.128	0.139	0.139	0.151	0.127	0.125	0.128	0.118	0.122	0.12	0.116	0.123	0.117
3.75	0.104	0.109	0.105	0.137	0.127	0.128	0.141	0.141	0.153	0.128	0.126	0.129	0.118	0.121	0.121	0.115	0.116	0.119
4	0.104	0.109	0.105	0.137	0.127	0.128	0.145	0.144	0.156	0.129	0.127	0.13	0.118	0.121	0.12	0.116	0.126	0.121
4.25	0.104	0.109	0.105	0.137	0.127	0.128	0.148	0.149	0.159	0.131	0.128	0.131	0.118	0.121	0.12	0.127	0.116	0.118
4.5	0.104	0.109	0.105	0.137	0.127	0.128	0.153	0.153	0.164	0.132	0.13	0.133	0.118	0.121	0.12	0.116	0.12	0.135
4.75	0.104	0.109	0.105	0.137	0.127	0.128	0.159	0.159	0.17	0.134	0.132	0.135	0.118	0.121	0.12	0.116	0.116	0.118
5	0.104	0.109	0.105	0.137	0.127	0.128	0.165	0.165	0.176	0.138	0.134	0.137	0.118	0.121	0.12	0.152	0.116	0.117
5.25	0.104	0.109	0.105	0.137	0.127	0.128	0.172	0.172	0.183	0.143	0.137	0.14	0.117	0.121	0.12	0.116	0.116	0.147
5.5	0.104	0.109	0.105	0.137	0.127	0.128	0.181	0.18	0.191	0.147	0.143	0.143	0.117	0.121	0.12	0.116	0.139	0.117
5.75	0.104	0.109	0.105	0.137	0.127	0.128	0.19	0.19	0.199	0.151	0.151	0.152	0.117	0.121	0.12	0.116	0.116	0.117
6	0.104	0.109	0.105	0.137	0.127	0.128	0.201	0.201	0.209	0.162	0.156	0.157	0.117	0.121	0.12	0.115	0.116	0.146
6.25	0.104	0.109	0.105	0.137	0.127	0.128	0.213	0.212	0.22	0.169	0.162	0.163	0.117	0.121	0.12	0.157	0.126	0.12
6.5	0.104	0.109	0.105	0.137	0.127	0.128	0.226	0.225	0.233	0.176	0.169	0.169	0.117	0.121	0.119	0.115	0.116	0.149
6.75	0.104	0.109	0.105	0.137	0.127	0.128	0.24	0.239	0.247	0.185	0.177	0.177	0.117	0.12	0.119	0.12	0.116	0.122
7	0.104	0.109	0.105	0.137	0.127	0.128	0.257	0.255	0.262	0.194	0.186	0.185	0.117	0.12	0.119	0.115	0.116	0.128
7.25	0.104	0.109	0.105	0.137	0.127	0.128	0.274	0.272	0.279	0.206	0.197	0.196	0.116	0.12	0.119	0.117	0.116	0.117
7.5	0.104	0.109	0.105	0.137	0.127	0.128	0.292	0.289	0.295	0.22	0.209	0.207	0.116	0.12	0.119	0.115	0.116	0.116
7.75	0.104	0.109	0.105	0.137	0.127	0.128	0.31	0.309	0.313	0.233	0.226	0.226	0.116	0.12	0.119	0.115	0.116	0.116
8	0.104	0.109	0.105	0.137	0.127	0.128	0.33	0.329	0.332	0.253	0.24	0.239	0.116	0.12	0.119	0.115	0.13	0.116
8.25	0.104	0.109	0.105	0.137	0.127	0.128	0.35	0.349	0.352	0.269	0.255	0.254	0.116	0.119	0.118	0.115	0.116	0.116
8.5	0.104	0.109	0.105	0.137	0.127	0.128	0.37	0.369	0.372	0.287	0.271	0.269	0.116	0.12	0.118	0.116	0.116	0.116
8.75	0.104	0.109	0.105	0.137	0.127	0.128	0.391	0.389	0.393	0.304	0.286	0.285	0.116	0.12	0.118	0.115	0.116	0.115
9	0.104	0.109	0.105	0.137	0.127	0.128	0.41	0.409	0.412	0.323	0.303	0.301	0.116	0.119	0.118	0.115	0.116	0.116
9.25	0.104	0.109	0.105	0.137	0.127	0.128	0.431	0.428	0.432	0.341	0.32	0.319	0.115	0.119	0.118	0.115	0.116	0.116
9.5	0.104	0.109	0.106	0.137	0.127	0.128	0.449	0.448	0.45	0.359	0.339	0.335	0.115	0.119	0.118	0.116	0.116	0.116
9.75	0.104	0.109	0.105	0.137	0.127	0.128	0.467	0.465	0.468	0.381	0.354	0.352	0.115	0.119	0.118	0.115	0.116	0.115
10	0.104	0.109	0.105	0.137	0.127	0.128	0.483	0.482	0.485	0.397	0.37	0.371	0.115	0.119	0.118	0.115	0.116	0.115
10.25	0.104	0.109	0.105	0.137	0.127	0.128	0.499	0.498	0.506	0.413	0.384	0.385	0.115	0.119	0.118	0.115	0.116	0.115
10.5	0.104	0.11	0.105	0.137	0.127	0.128	0.514	0.514	0.521	0.428	0.397	0.399	0.115	0.118	0.118	0.114	0.115	0.116
10.75	0.104	0.11	0.105	0.137	0.127	0.128	0.528	0.528	0.536	0.443	0.41	0.412	0.115	0.119	0.117	0.114	0.116	0.118
11	0.104	0.11	0.105	0.137	0.127	0.128	0.545	0.542	0.551	0.457	0.422	0.425	0.115	0.118	0.117	0.129	0.115	0.115
11.25	0.104	0.11	0.105	0.137	0.127	0.128	0.556	0.554	0.564	0.468	0.434	0.436	0.115	0.118	0.118	0.114	0.116	0.115
11.5	0.104	0.109	0.105	0.137	0.127	0.128	0.568	0.571	0.579	0.48	0.444	0.451	0.115	0.119	0.117	0.114	0.116	0.139
11.75	0.104	0.109	0.105	0.137	0.127	0.128	0.579	0.582	0.599	0.494	0.454	0.46	0.115	0.118	0.117	0.114	0.116	0.115
12	0.104	0.11	0.105	0.137	0.127	0.128	0.592	0.595	0.616	0.504	0.463	0.47	0.115	0.118	0.117	0.114	0.116	0.115
12.25	0.104	0.109	0.105	0.137	0.127	0.128	0.603	0.609	0.636	0.514	0.471	0.481	0.115	0.118	0.117	0.114	0.115	0.115
12.5	0.104	0.109	0.105	0.137	0.128	0.128	0.615	0.621	0.649	0.524	0.48	0.49	0.115	0.118	0.117	0.114	0.115	0.115
12.75	0.104	0.109	0.105	0.137	0.127	0.128	0.627	0.638	0.664	0.534	0.488	0.499	0.115	0.118	0.117	0.115	0.115	0.115
13	0.104	0.11	0.105	0.137	0.127	0.128	0.637	0.65	0.679	0.543	0.496	0.508	0.115	0.118	0.117	0.114	0.125	0.115
13.25	0.104	0.11	0.105	0.137	0.127	0.128	0.648	0.662	0.692	0.553	0.504	0.517	0.115	0.118	0.117	0.114	0.115	0.115
13.5	0.104	0.11	0.105	0.137	0.127	0.128	0.658	0.673	0.703	0.562	0.511	0.525	0.114	0.118	0.117	0.114	0.115	0.115
13.75	0.104	0.11	0.105	0.137	0.127	0.128	0.667	0.684	0.713	0.57	0.517	0.532	0.115	0.118	0.117	0.114	0.115	0.115
14	0.104	0.11	0.105	0.136	0.127	0.128	0.677	0.695	0.724	0.58	0.523	0.54	0.115	0.118	0.117	0.114	0.115	0.114
14.25	0.104	0.11	0.105	0.136	0.127	0.128	0.689	0.705	0.737	0.586	0.53	0.548	0.114	0.118	0.117	0.114	0.115	0.114
14.5	0.104	0.11	0.105	0.136	0.127	0.128	0.702	0.718	0.746	0.595	0.537	0.555	0.115	0.118	0.117	0.114	0.115	0.115
14.75	0.104	0.11	0.105	0.136	0.127	0.128	0.71	0.727	0.757	0.602	0.542	0.561	0.115	0.118	0.117	0.114	0.115	0.115
15	0.104	0.11	0.105	0.136	0.127	0.128	0.714	0.735	0.765	0.608	0.547	0.568	0.115	0.118	0.117	0.114	0.115	0.115
15.25	0.104	0.109	0.105	0.136	0.127	0.128	0.72	0.743	0.773	0.615	0.553	0.576	0.115	0.118	0.117	0.114	0.115	0.114
15.5	0.104	0.109	0.105	0.136	0.127	0.128	0.728	0.754	0.783	0.623	0.559	0.584	0.115	0.118	0.117	0.114	0.115	0.115
15.75	0.104	0.109	0.105	0.136	0.127	0.128	0.737	0.762	0.79	0.63	0.565	0.592	0.115	0.118	0.117	0.114	0.115	0.114
16	0.104	0.109	0.105	0.136	0.127	0.128	0.742	0.768	0.805	0.635	0.57	0.598	0.115	0.118	0.117	0.114	0.115	0.114
16.25	0.104	0.109	0.105	0.136	0.126	0.127	0.746	0.773	0.813	0.641	0.575	0.606	0.115	0.119	0.117	0.114	0.115	0.13
16.5	0.104	0.109	0.105	0.136	0.127	0.127	0.752	0.779	0.819	0.646	0.582	0.613	0.116	0.119	0.118	0.113	0.115	0.114
16.75	0.104	0.109	0.105	0.136	0.126	0.127	0.758	0.787	0.825	0.652	0.588	0.62	0.116	0.119	0.118	0.113	0.115	0.114
17	0.104	0.109	0.105	0.136	0.126	0.127	0.764	0.794	0.834	0.658	0.593	0.626	0.116	0.12	0.118	0.113	0.114	0.114
17.25	0.104	0.109	0.105	0.135	0.126	0.127	0.77	0.8	0.84	0.663	0.598	0.632	0.117	0.12	0.118	0.113	0.114	0.114
17.5	0.104	0.109	0.105	0.135	0.126	0.127	0.774	0.805	0.846	0.668	0.602	0.638	0.117	0.121	0.119	0.113	0.114	0.114
17.75	0.104	0.11	0.105	0.135	0.126	0.127	0.78	0.819	0.855	0.674	0.606	0.643	0.118	0.121	0.119	0.113	0.114	0.14
18	0.104	0.109	0.105	0.135	0.126	0.127	0.782	0.821	0.86	0.678	0.61	0.65	0.118	0.122	0.12	0.113	0.115	0.137
18.25	0.104	0.11	0.105	0.135	0.126	0.127	0.787	0.825	0.866	0.682	0.613	0.654	0.119	0.123	0.121	0.113	0.114	0.115
18.5	0.104	0.11	0.105	0.135	0.126	0.127	0.792	0.831	0.871	0.686	0.617	0.66	0.12	0.123	0.122	0.113	0.114	0.115
18.75	0.104	0.11	0.105	0.135	0.126	0.127	0.797	0.839	0.876	0.689	0.621	0.665	0.122	0.125	0.122	0.113	0.114	0.115
19	0.104	0.11	0.105	0.135	0.126	0.127	0.8	0.84	0.878	0.693	0.625	0.671	0.123	0.126	0.123	0.113	0.114	0.115
19.25	0.104	0.11	0.105	0.135	0.125	0.126	0.805	0.845	0.882	0.696	0.629	0.676	0.124	0.128	0.125	0.113	0.114	0.115
19.5	0.104	0.11	0.105	0.135	0.125	0.126	0.81	0.847	0.885	0.699	0.633	0.681	0.126	0.129	0.126	0.113	0.114	0.115
19.75	0.104	0.11	0.105	0.134	0.125	0.126	0.813	0.849	0.887	0.701	0.635	0.685	0.128	0.132	0.128	0.113	0.114	0.13
20	0.104	0.11	0.106	0.134	0.125	0.126	0.817	0.855	0.89	0.703	0.638	0.688	0.131	0.134	0.13	0.113	0.114	0.115
20.25	0.104	0.11	0.105	0.134	0.125	0.126	0.819	0.856	0.893	0.706	0.641	0.693	0.134	0.137	0.132	0.113	0.114	0.115
20.5	0.104	0.11	0.105	0.134	0.125	0.126	0.822	0.862	0.896	0.708	0.644	0.696	0.137	0.14	0.135	0.113	0.114	0.115
20.75	0.104	0.11	0.105	0.134	0.125	0.126	0.824	0.862	0.897	0.709	0.645	0.699	0.14	0.143	0.138	0.113	0.114	0.115
21	0.104	0.11	0.106	0.134	0.125	0.126	0.827	0.864	0.9	0.711	0.646	0.702	0.145	0.148	0.142	0.113	0.14	0.115
21.25	0.104	0.11	0.105	0.134	0.125	0.126	0.829	0.866	0.903	0.714	0.65	0.705	0.149	0.153	0.146	0.126	0.114	0.115
21.5	0.104	0.11	0.105	0.134	0.125	0.126	0.833	0.87	0.905	0.715	0.65	0.707	0.155	0.159	0.151	0.113	0.114	0.115
21.75	0.104	0.11	0.105	0.134	0.124	0.125	0.832	0.87	0.906	0.716	0.653	0.71	0.161	0.165	0.156	0.113	0.114	0.115
22	0.104	0.11	0.105	0.133	0.124	0.125	0.833	0.871	0.907	0.716	0.654	0.714	0.168	0.173	0.163	0.113	0.114	0.115
22.25	0.104	0.11	0.105	0.133	0.124	0.125	0.834	0.874	0.91	0.717	0.655	0.717	0.176	0.181	0.17	0.113	0.114	0.115
22.5	0.104	0.11	0.105	0.133	0.124	0.125	0.837	0.873	0.911	0.719	0.656	0.719	0.185	0.19	0.178	0.113	0.114	0.115
22.75	0.104	0.11	0.105	0.133	0.124	0.125	0.846	0.873	0.912	0.719	0.659	0.722	0.195	0.201	0.187	0.113	0.114	0.114
23	0.104	0.11	0.105	0.133	0.124	0.125	0.847	0.871	0.912	0.72	0.66	0.724	0.206	0.213	0.197	0.113	0.114	0.115
23.25	0.104	0.11	0.105	0.133	0.124	0.125	0.848	0.87	0.91	0.721	0.661	0.727	0.218	0.226	0.208	0.113	0.114	0.115
23.5	0.104	0.11	0.105	0.133	0.124	0.125	0.852	0.869	0.909	0.722	0.662	0.729	0.231	0.24	0.22	0.113	0.114	0.114
23.75	0.104	0.11	0.105	0.133	0.124	0.125	0.841	0.864	0.907	0.721	0.663	0.731	0.245	0.255	0.233	0.113	0.114	0.128
24	0.104	0.11	0.105	0.133	0.124	0.125	0.838	0.864	0.906	0.721	0.664	0.732	0.259	0.271	0.246	0.113	0.114	0.115
24.25	0.104	0.11	0.106	0.132	0.124	0.125	0.83	0.862	0.906	0.722	0.666	0.734	0.274	0.288	0.261	0.153	0.114	0.115
24.5	0.104	0.11	0.106	0.133	0.124	0.124	0.829	0.864	0.906	0.722	0.666	0.735	0.289	0.305	0.276	0.113	0.114	0.115
24.75	0.104	0.11	0.106	0.132	0.123	0.124	0.828	0.864	0.908	0.722	0.666	0.737	0.305	0.324	0.291	0.113	0.114	0.115
25	0.104	0.11	0.105	0.132	0.123	0.124	0.828	0.865	0.909	0.722	0.666	0.737	0.321	0.342	0.307	0.113	0.114	0.115
25.25	0.104	0.11	0.106	0.132	0.123	0.124	0.83	0.868	0.913	0.723	0.667	0.74	0.336	0.361	0.323	0.113	0.114	0.115
25.5	0.104	0.11	0.106	0.132	0.123	0.124	0.832	0.871	0.915	0.723	0.668	0.74	0.351	0.379	0.339	0.113	0.114	0.115
25.75	0.104	0.11	0.106	0.132	0.123	0.124	0.831	0.873	0.916	0.724	0.669	0.741	0.366	0.397	0.354	0.113	0.114	0.115
26	0.104	0.11	0.106	0.132	0.123	0.124	0.831	0.874	0.918	0.724	0.67	0.742	0.381	0.416	0.368	0.113	0.114	0.115
26.25	0.104	0.11	0.106	0.132	0.123	0.124	0.832	0.875	0.92	0.723	0.67	0.744	0.396	0.438	0.383	0.113	0.114	0.115
26.5	0.104	0.11	0.106	0.132	0.123	0.124	0.833	0.876	0.923	0.722	0.67	0.744	0.409	0.458	0.397	0.113	0.114	0.115
26.75	0.104	0.11	0.105	0.132	0.123	0.124	0.834	0.878	0.926	0.722	0.669	0.743	0.425	0.476	0.412	0.113	0.114	0.115
27	0.104	0.11	0.106	0.132	0.123	0.124	0.836	0.88	0.927	0.721	0.67	0.745	0.439	0.493	0.425	0.113	0.114	0.115
27.25	0.104	0.11	0.106	0.132	0.123	0.124	0.837	0.879	0.928	0.721	0.67	0.745	0.453	0.511	0.439	0.113	0.114	0.115
27.5	0.104	0.11	0.106	0.131	0.122	0.124	0.838	0.88	0.929	0.72	0.671	0.746	0.465	0.531	0.453	0.113	0.161	0.115
27.75	0.104	0.11	0.106	0.131	0.122	0.123	0.838	0.88	0.931	0.72	0.672	0.747	0.479	0.547	0.467	0.113	0.114	0.115
28	0.104	0.11	0.106	0.131	0.122	0.123	0.839	0.881	0.934	0.72	0.672	0.748	0.491	0.564	0.479	0.113	0.114	0.134
28.25	0.104	0.11	0.106	0.131	0.122	0.123	0.842	0.882	0.936	0.719	0.672	0.749	0.503	0.58	0.492	0.113	0.114	0.115
28.5	0.104	0.11	0.106	0.131	0.122	0.123	0.843	0.883	0.936	0.718	0.672	0.748	0.52	0.596	0.51	0.113	0.114	0.115
28.75	0.104	0.11	0.106	0.131	0.122	0.123	0.843	0.883	0.938	0.717	0.672	0.748	0.527	0.614	0.52	0.113	0.114	0.115
29	0.104	0.11	0.106	0.131	0.122	0.123	0.844	0.883	0.939	0.718	0.672	0.749	0.541	0.63	0.532	0.114	0.114	0.115
29.25	0.104	0.11	0.106	0.131	0.122	0.123	0.844	0.884	0.939	0.716	0.672	0.75	0.557	0.642	0.545	0.117	0.115	0.115
29.5	0.104	0.11	0.106	0.131	0.122	0.123	0.844	0.885	0.941	0.714	0.672	0.75	0.572	0.656	0.558	0.113	0.114	0.115
29.75	0.104	0.11	0.106	0.131	0.122	0.123	0.844	0.883	0.941	0.713	0.671	0.75	0.584	0.669	0.571	0.113	0.114	0.115
30	0.104	0.11	0.106	0.131	0.122	0.123	0.845	0.883	0.943	0.711	0.671	0.75	0.591	0.687	0.582	0.113	0.114	0.115
30.25	0.104	0.11	0.106	0.13	0.122	0.123	0.846	0.885	0.946	0.71	0.671	0.749	0.599	0.698	0.594	0.113	0.114	0.115
30.5	0.104	0.11	0.106	0.13	0.122	0.123	0.847	0.886	0.946	0.709	0.671	0.749	0.613	0.709	0.606	0.113	0.114	0.115
30.75	0.104	0.11	0.106	0.131	0.122	0.123	0.847	0.887	0.947	0.707	0.67	0.749	0.621	0.721	0.618	0.113	0.114	0.115
31	0.104	0.11	0.106	0.13	0.122	0.123	0.848	0.889	0.948	0.708	0.671	0.75	0.634	0.735	0.63	0.113	0.114	0.115
31.25	0.104	0.11	0.106	0.13	0.121	0.122	0.848	0.89	0.948	0.706	0.67	0.749	0.638	0.747	0.639	0.113	0.114	0.115
31.5	0.104	0.11	0.106	0.13	0.122	0.123	0.849	0.889	0.95	0.705	0.67	0.749	0.649	0.757	0.651	0.113	0.114	0.115
31.75	0.104	0.11	0.106	0.13	0.121	0.123	0.849	0.888	0.951	0.705	0.67	0.75	0.657	0.77	0.661	0.113	0.114	0.115
32	0.104	0.11	0.106	0.13	0.121	0.123	0.851	0.888	0.952	0.704	0.67	0.749	0.668	0.779	0.671	0.113	0.114	0.115
32.25	0.104	0.11	0.106	0.13	0.121	0.122	0.851	0.891	0.953	0.703	0.669	0.749	0.678	0.787	0.679	0.113	0.114	0.115
32.5	0.104	0.11	0.106	0.13	0.121	0.123	0.852	0.89	0.953	0.702	0.669	0.749	0.689	0.799	0.688	0.113	0.114	0.115
32.75	0.104	0.11	0.106	0.13	0.121	0.122	0.851	0.891	0.954	0.7	0.669	0.749	0.699	0.809	0.698	0.113	0.114	0.115
33	0.104	0.11	0.106	0.13	0.121	0.122	0.85	0.89	0.953	0.699	0.669	0.749	0.708	0.814	0.707	0.113	0.114	0.115
33.25	0.104	0.11	0.106	0.13	0.121	0.122	0.85	0.891	0.954	0.697	0.668	0.748	0.714	0.823	0.716	0.113	0.114	0.115
33.5	0.104	0.11	0.106	0.13	0.121	0.122	0.851	0.889	0.955	0.697	0.668	0.749	0.72	0.831	0.724	0.113	0.114	0.115
33.75	0.104	0.11	0.106	0.13	0.121	0.122	0.853	0.892	0.956	0.695	0.667	0.748	0.728	0.838	0.733	0.113	0.114	0.115
34	0.104	0.11	0.106	0.13	0.121	0.122	0.851	0.89	0.957	0.694	0.666	0.747	0.735	0.846	0.741	0.113	0.114	0.115
34.25	0.104	0.11	0.106	0.13	0.121	0.122	0.852	0.888	0.957	0.692	0.666	0.746	0.741	0.853	0.749	0.113	0.114	0.139
34.5	0.104	0.11	0.106	0.13	0.121	0.122	0.851	0.888	0.957	0.691	0.666	0.746	0.75	0.86	0.757	0.113	0.114	0.115
34.75	0.104	0.11	0.106	0.13	0.121	0.122	0.852	0.889	0.958	0.69	0.666	0.745	0.757	0.866	0.764	0.113	0.114	0.115
35	0.104	0.11	0.106	0.13	0.121	0.122	0.851	0.89	0.958	0.688	0.665	0.745	0.764	0.871	0.772	0.114	0.114	0.115
35.25	0.104	0.11	0.106	0.129	0.121	0.122	0.851	0.893	0.959	0.687	0.665	0.745	0.766	0.878	0.78	0.115	0.114	0.115
35.5	0.104	0.11	0.106	0.129	0.121	0.122	0.853	0.896	0.961	0.687	0.664	0.745	0.78	0.881	0.787	0.113	0.114	0.115
35.75	0.104	0.11	0.106	0.129	0.121	0.122	0.853	0.898	0.962	0.685	0.664	0.744	0.814	0.886	0.8	0.114	0.114	0.115
36	0.104	0.11	0.106	0.129	0.121	0.122	0.854	0.899	0.961	0.684	0.664	0.745	0.844	0.89	0.816	0.113	0.114	0.115
36.25	0.104	0.11	0.105	0.129	0.121	0.122	0.854	0.908	0.962	0.683	0.663	0.744	0.9	0.893	0.84	0.113	0.114	0.115
36.5	0.104	0.11	0.106	0.129	0.121	0.122	0.855	0.907	0.963	0.681	0.663	0.743	0.807	0.897	0.801	0.113	0.114	0.115
36.75	0.104	0.11	0.106	0.129	0.121	0.122	0.855	0.905	0.964	0.679	0.662	0.743	0.795	0.902	0.799	0.113	0.114	0.115
37	0.104	0.11	0.106	0.129	0.121	0.122	0.857	0.909	0.966	0.678	0.662	0.743	0.812	0.903	0.809	0.113	0.114	0.115
37.25	0.104	0.11	0.106	0.129	0.121	0.122	0.858	0.913	0.967	0.676	0.661	0.743	0.808	0.906	0.81	0.113	0.114	0.115
37.5	0.104	0.11	0.106	0.129	0.121	0.122	0.859	0.915	0.967	0.674	0.66	0.742	0.804	0.912	0.813	0.113	0.114	0.115
37.75	0.104	0.11	0.106	0.129	0.12	0.122	0.859	0.915	0.967	0.672	0.66	0.742	0.813	0.915	0.819	0.116	0.117	0.115
38	0.104	0.11	0.106	0.129	0.12	0.122	0.86	0.916	0.967	0.671	0.66	0.741	0.818	0.92	0.826	0.115	0.115	0.115
38.25	0.104	0.11	0.106	0.129	0.12	0.122	0.859	0.917	0.969	0.669	0.659	0.742	0.823	0.922	0.831	0.113	0.114	0.115
38.5	0.104	0.11	0.106	0.129	0.12	0.122	0.861	0.921	0.97	0.667	0.658	0.74	0.826	0.929	0.837	0.113	0.114	0.115
38.75	0.104	0.11	0.106	0.129	0.12	0.122	0.862	0.923	0.972	0.665	0.658	0.739	0.838	0.931	0.842	0.113	0.114	0.115
39	0.104	0.11	0.106	0.129	0.12	0.122	0.863	0.925	0.972	0.664	0.658	0.739	0.834	0.935	0.844	0.113	0.113	0.115
39.25	0.104	0.11	0.106	0.129	0.12	0.122	0.863	0.925	0.972	0.662	0.657	0.739	0.836	0.939	0.848	0.113	0.114	0.115
39.5	0.104	0.11	0.106	0.129	0.12	0.122	0.862	0.925	0.971	0.66	0.656	0.739	0.842	0.942	0.851	0.113	0.114	0.115
39.75	0.104	0.11	0.106	0.129	0.12	0.122	0.861	0.925	0.97	0.658	0.658	0.74	0.842	0.946	0.854	0.113	0.113	0.115
40	0.104	0.11	0.106	0.129	0.12	0.122	0.863	0.929	0.971	0.656	0.656	0.738	0.846	0.948	0.859	0.113	0.113	0.115