genome_ID	group	add_tax	Glc	Gal	Rib	GlcNAc	Chb	Fuc	Neu5Ac	LNB	LNT	LNnT	FL	LDFT	LNFPI	SL	lcHMO	Nglyc	Ncore	GNB	Tan	Muc	GlcNAc6S	Mal	MOS	ST	RST	IMO	Mlz	Cld	Bgl	BGL12	Mel	RFO	Lac	GOS	AGI	AGII	GalAf	GA	Fru	Scr	scFOS	lcFOS	DFA	bMnOS	GmOS	bMAN	Xyl	XOS	AXOS	XL	AX	Ara	aAOS	bAOS	AR	HRGP	XGlOS	XGL	GlcA	GluA	Gco	Glt	Ino	Mtl	Stl	Asc
ATCC 15697 = JCM 1222	longum_infantis	infantis	1	1	0	1	0	1	1	1	1	1	1	1	1	1	1	1	1	1	0	0	0	1	1	0	0	1	0	0	0	0	1	1	1	1	0	0	0	0	1	1	1	1	0	0	0	0	0	0	0	0	0	0	0	0	0	0	0	0	1	0	0	0	0	0	0	0
Bg40721_2D9	longum_infantis	infantis	1	1	0	1	0	1	1	1	1	1	1	1	1	1	1	1	1	1	0	0	0	1	1	0	0	1	0	0	0	0	1	1	1	1	0	0	0	0	1	1	1	0	0	0	0	0	0	0	0	0	0	0	0	0	0	0	0	0	0	0	0	0	0	1	1	0
BT1	longum_infantis	infantis	1	1	0	1	0	1	1	1	0	1	1	1	1	1	1	1	1	1	0	0	0	1	1	0	0	1	0	0	0	0	1	1	1	1	0	0	0	0	0	1	1	0	0	0	0	0	0	0	0	0	0	0	0	0	0	0	0	0	1	0	0	0	0	0	0	0
JCM 1217	longum_longum	longum	1	1	1	0	0	0	0	1	1	0	0	0	1	0	0	0	0	1	1	0	0	1	1	0	0	1	1	0	0	0	1	1	1	1	0	1	0	0	1	1	1	0	0	0	0	0	1	0	1	0	1	1	1	1	1	1	0	0	0	0	0	0	0	0	0	0
NCC2705	longum_longum	longum	1	1	1	0	0	0	0	1	1	0	0	0	0	0	0	1	0	1	1	0	0	1	1	0	0	1	0	0	0	0	1	1	1	1	1	1	0	0	1	1	1	0	0	0	0	0	1	0	1	0	1	1	1	1	0	1	0	0	0	0	0	0	0	0	0	0
SC596	longum_longum	longum	1	1	1	0	0	0	0	1	1	0	1	1	1	0	0	1	0	1	1	0	0	1	1	0	0	1	1	1	1	0	1	1	1	1	1	1	0	0	1	1	1	0	0	0	0	0	1	1	1	0	1	1	1	1	1	1	0	0	0	0	0	0	0	1	1	0
1897B	longum_nov	nov	1	1	0	0	0	0	0	0	0	0	0	0	0	0	0	0	0	0	0	0	0	1	1	1	0	1	0	0	0	0	1	1	1	1	0	0	0	0	1	1	1	1	1	0	0	0	1	1	1	0	0	0	0	1	0	1	1	0	0	0	0	0	0	0	0	0
239-2	longum_nov	nov	1	1	0	0	0	1	0	0	0	0	0	0	0	0	0	0	0	0	0	0	0	1	1	1	0	1	0	0	0	0	1	1	1	1	0	0	0	0	1	1	1	1	1	0	0	0	0	0	0	0	0	0	0	0	0	0	1	0	0	0	0	0	0	0	0	0
STL_TW14.1_LFYP82	longum_nov	nov	1	1	0	0	0	1	0	0	0	0	0	0	0	0	0	0	0	0	0	0	0	1	1	1	0	1	0	0	0	0	1	1	1	1	0	0	0	0	1	1	1	1	1	0	0	0	0	0	0	0	0	0	0	0	0	0	1	0	0	0	0	0	0	0	0	0
2005B	longum_suis	spp	1	1	1	0	0	0	0	1	1	0	0	0	0	0	0	1	0	1	1	0	0	1	1	0	0	1	0	1	1	0	1	1	1	1	0	1	0	0	0	1	1	1	0	0	0	0	0	1	0	0	1	1	1	0	1	0	0	0	0	0	0	0	0	0	0	0
2074B	longum_suis	suillum	1	1	0	1	1	0	0	1	1	0	0	0	0	0	0	1	0	1	1	0	0	1	1	0	0	1	0	0	0	0	1	1	1	1	0	1	0	0	0	1	1	0	0	0	0	0	0	0	0	0	0	1	0	0	0	0	0	0	0	0	0	0	0	0	0	0
209B	longum_suis	spp	1	1	0	0	0	0	0	1	1	0	0	0	0	0	0	1	0	1	1	0	0	1	1	0	0	1	1	1	1	0	1	1	1	1	0	1	0	0	0	1	1	1	0	0	0	0	0	1	0	0	1	1	1	0	1	0	0	0	0	0	0	0	0	0	0	0
AGR2137	longum_suis	spp	1	1	0	1	0	0	0	1	1	0	0	0	0	0	0	1	0	1	1	0	0	1	1	0	0	1	0	1	1	0	1	1	1	1	0	1	0	0	1	1	1	1	0	0	0	0	0	1	0	0	0	1	0	0	0	0	0	0	0	0	0	0	0	0	0	0
APC1461	longum_suis	spp	1	1	0	0	0	0	0	1	1	0	0	0	0	0	0	1	0	1	1	0	0	1	1	0	0	1	0	1	1	0	1	1	1	1	1	1	0	0	0	1	1	0	0	0	0	0	0	0	0	0	0	1	0	1	0	1	0	0	0	1	0	0	0	0	0	0
Bg131.S11_17.F6	longum_suis	iuvenis	1	1	0	0	0	1	1	1	1	1	0	0	0	1	1	1	1	1	0	0	0	1	1	0	0	1	0	0	0	0	1	1	1	1	0	0	0	0	0	1	1	0	0	0	0	0	0	0	0	0	0	0	0	0	0	0	0	0	0	0	0	0	0	0	0	0
Bg155.S08_5B11	longum_suis	iuvenis	1	1	1	0	1	1	0	1	1	0	1	1	1	0	0	1	0	1	0	0	0	1	1	0	0	1	0	0	0	0	1	1	1	1	0	1	0	0	1	1	1	1	0	0	0	0	1	1	0	0	0	1	1	1	0	1	0	0	0	0	0	0	0	0	0	0
Bg41121_2E1	longum_suis	iuvenis	1	1	1	0	1	1	1	1	1	0	1	1	1	0	0	1	0	1	0	0	0	1	1	0	0	1	0	0	0	0	1	1	1	1	0	1	0	0	1	1	1	1	0	0	0	0	1	1	1	0	0	1	1	0	1	0	0	0	0	0	0	0	0	0	0	0
BgEED06	longum_suis	iuvenis	1	1	1	0	1	1	1	1	1	0	1	1	1	0	0	1	0	1	0	0	0	1	1	0	0	1	0	0	0	0	1	1	1	1	0	1	0	0	1	1	1	1	0	0	0	0	1	1	1	0	0	1	0	0	0	0	0	0	0	0	0	0	0	0	0	0
BSM11-5	longum_suis	iuvenis	1	1	1	0	1	1	1	1	1	0	1	1	1	0	0	1	0	1	0	0	0	1	1	0	0	1	0	0	0	0	1	1	1	1	0	1	0	0	1	1	1	0	0	0	0	0	1	1	1	0	0	1	1	1	1	1	0	0	0	0	0	0	0	0	0	0
DSM20211	longum_suis	suis	1	1	0	0	0	0	1	1	1	0	0	0	0	0	1	1	0	1	1	0	0	1	1	0	0	1	0	0	0	0	1	1	1	1	0	1	0	0	0	1	1	1	0	0	0	0	0	1	0	0	1	1	0	0	0	0	0	0	0	0	0	0	0	0	0	0
JCM19995	longum_suis	suillum	1	1	1	0	0	0	0	1	1	0	0	0	0	0	0	1	0	1	1	0	0	1	1	0	0	1	0	0	0	0	1	1	1	1	0	1	0	0	0	1	1	0	0	0	0	0	0	0	0	0	0	1	0	0	0	0	0	0	0	0	0	0	0	0	0	0
JDM301	longum_suis	iuvenis	1	1	1	0	1	1	0	1	1	0	1	1	1	0	0	1	0	1	0	0	0	1	1	0	0	1	1	0	0	0	1	1	1	1	1	1	0	0	1	1	1	1	0	0	0	0	1	1	1	0	0	1	0	0	0	0	0	0	0	0	0	0	0	0	0	0
UCD391	longum_suis	suis	1	1	0	0	0	0	1	1	1	0	0	0	0	0	0	1	0	1	1	0	0	1	1	0	0	1	0	0	0	0	1	1	1	1	0	1	0	0	0	1	1	1	0	0	0	0	0	1	0	0	1	1	0	0	0	0	0	0	0	0	0	0	0	0	0	0
UCD398	longum_suis	suillum	1	1	0	0	0	0	1	1	1	0	0	0	0	0	1	1	0	1	1	0	0	1	1	0	0	1	0	0	0	0	1	1	1	1	0	1	0	0	0	1	1	0	0	0	0	0	1	1	1	0	0	1	0	0	0	0	0	0	0	0	0	0	0	0	0	0
UCD399	longum_suis	iuvenis	1	1	0	0	1	1	0	1	1	0	1	1	1	0	0	1	0	1	1	0	0	1	1	0	0	1	0	0	0	0	1	1	1	1	1	1	0	0	1	1	1	1	0	0	0	0	1	1	1	0	0	1	1	0	0	0	0	0	0	0	0	0	0	0	0	0
UMA026	longum_suis	spp	1	1	0	1	0	0	0	1	1	0	0	0	0	0	0	1	0	1	1	0	0	1	1	0	0	1	0	1	1	0	1	1	1	1	1	1	0	0	0	1	1	0	0	0	0	0	1	1	1	0	0	1	0	0	0	0	0	0	0	0	0	0	0	0	0	0