Organism	seed_id	CE0	CE2	CE4	CE5	CE8	CE9	CE20	GH0	GH1	GH2	GH3	GH4	GH5	GH8	GH10	GH13	GH16	GH18	GH20	GH23	GH25	GH26	GH27	GH28	GH29	GH30	GH31	GH32	GH33	GH35	GH36	GH38	GH39	GH42	GH43	GH49	GH50	GH51	GH53	GH59	GH65	GH73	GH76	GH77	GH78	GH84	GH85	GH89	GH91	GH94	GH95	GH101	GH109	GH110	GH112	GH115	GH120	GH121	GH123	GH125	GH127	GH129	GH130	GH136	GH140	GH146	GH151	GH154	GH163	GH172	PL27
Bifidobacterium adolescentis 1-11	fig|1680.104	0	0	0	0	0	1	3	1	1	3	6	0	1	1	0	13	0	0	0	3	1	0	0	0	0	0	1	2	0	1	2	1	0	4	8	0	0	1	0	0	0	0	0	2	0	0	0	0	0	2	0	0	1	0	0	0	1	0	0	0	1	0	0	0	0	0	0	0	0	1	0
Bifidobacterium adolescentis 150	fig|1680.7	0	0	0	0	0	1	3	1	1	3	5	0	2	1	0	17	0	0	0	3	3	0	0	0	0	1	2	1	0	0	4	1	1	3	7	0	0	1	0	0	0	0	0	2	0	0	0	0	0	1	0	0	1	0	0	0	1	0	0	0	2	0	0	0	0	0	0	0	0	2	0
Bifidobacterium adolescentis 1892B	fig|1680.34	0	0	0	0	0	1	4	1	1	3	6	0	2	1	0	16	0	0	0	2	2	0	0	0	0	1	2	2	0	0	3	1	1	4	7	0	0	1	0	0	0	0	0	2	0	0	0	0	0	1	0	0	1	0	0	0	1	0	0	0	1	0	0	0	0	0	0	0	0	1	0
Bifidobacterium adolescentis 22L	fig|1680.4	0	1	0	0	0	1	3	1	2	4	5	0	2	1	0	15	0	0	0	2	2	1	0	0	0	1	1	2	0	0	3	1	1	3	7	0	0	1	0	0	0	0	0	2	0	0	0	0	0	1	0	0	1	0	0	0	1	0	0	0	2	0	0	0	0	0	0	0	0	1	0
Bifidobacterium adolescentis 487B	fig|1680.39	0	0	0	0	0	1	4	1	1	3	5	0	2	2	0	14	0	0	0	5	3	0	0	0	0	1	1	2	0	1	3	1	1	3	9	0	0	1	0	0	0	1	0	2	0	0	0	0	0	1	0	0	1	0	0	0	2	0	0	0	2	0	0	0	0	0	0	0	0	1	0
Bifidobacterium adolescentis 6	fig|1680.142	0	0	0	0	0	0	4	1	1	3	6	0	3	1	0	15	0	0	0	3	2	0	0	0	0	1	2	2	0	0	2	1	0	3	7	0	0	1	0	0	0	0	0	2	0	0	0	0	0	1	0	0	1	0	0	0	1	0	0	0	1	0	0	0	0	0	0	0	0	1	0
Bifidobacterium adolescentis 70B	fig|1680.36	0	0	0	0	0	1	3	1	1	3	6	0	2	1	0	13	0	0	0	2	1	0	0	0	0	3	1	1	0	1	4	1	2	4	9	0	0	1	0	1	0	0	0	2	0	0	0	0	0	1	0	0	1	0	0	0	1	0	0	0	2	0	0	0	0	0	0	0	0	1	0
Bifidobacterium adolescentis AF15-3	fig|1680.151	0	0	0	0	0	1	3	1	0	2	6	0	3	1	0	15	0	0	0	3	2	0	0	0	0	1	3	2	0	0	2	4	0	3	9	0	0	1	0	0	0	0	0	2	0	0	1	0	0	1	0	0	1	0	1	0	1	1	0	1	2	0	0	0	0	0	0	0	0	1	0
Bifidobacterium adolescentis AL12-4	fig|1680.37	0	1	0	0	0	1	4	1	1	4	6	0	1	2	0	14	0	0	0	3	1	1	1	0	0	0	2	2	0	1	2	1	0	3	9	0	0	1	0	0	0	0	0	2	0	0	0	0	0	1	0	0	1	0	0	0	2	0	0	0	1	0	0	0	0	0	0	0	0	1	0
Bifidobacterium adolescentis AL46-7	fig|1680.43	0	1	0	0	0	1	3	1	1	4	7	0	2	1	0	14	0	0	0	2	2	1	0	0	0	1	1	2	0	0	2	0	0	4	7	0	0	1	0	0	0	0	0	2	0	0	0	0	0	1	0	0	1	0	0	0	1	0	0	0	1	0	0	0	0	0	0	0	0	2	0
Bifidobacterium adolescentis AM13-11	fig|1680.160	0	0	0	0	0	0	3	1	0	2	6	0	2	1	0	15	0	0	0	3	4	0	0	0	0	0	1	2	0	0	2	1	0	3	9	0	0	1	0	0	0	0	0	2	0	0	0	0	0	1	0	0	1	0	0	0	1	1	0	0	2	0	0	0	0	0	0	0	0	1	0
Bifidobacterium adolescentis AM14-37	fig|1680.157	0	1	0	0	0	0	3	1	2	3	6	0	2	1	0	15	0	0	0	2	3	1	0	0	0	1	1	2	0	0	2	1	0	3	8	0	0	1	0	0	0	0	0	2	0	0	0	0	0	2	0	0	1	0	0	0	1	1	0	0	2	0	0	0	0	0	0	0	0	2	0
Bifidobacterium adolescentis ATCC 15703	fig|367928.6	0	0	0	0	0	1	3	1	2	3	6	0	2	1	0	12	0	0	0	3	1	1	1	0	0	1	1	2	0	1	1	1	0	4	8	0	0	2	0	0	0	0	0	2	0	0	0	0	0	0	0	0	0	0	0	0	1	0	0	0	1	0	0	0	0	0	0	0	0	1	0
Bifidobacterium adolescentis BBMN23	fig|1680.5	0	0	0	0	0	0	3	1	0	2	6	0	2	1	0	16	0	0	0	2	3	0	0	0	0	1	2	2	0	0	2	1	0	3	8	0	0	1	0	0	0	0	0	2	0	0	0	0	0	1	0	0	1	0	0	0	1	1	0	0	2	0	0	0	0	0	0	0	0	1	0
Bifidobacterium adolescentis ca_0067	fig|1680.1827	0	0	0	0	0	1	3	1	1	3	6	0	1	1	0	16	0	0	0	3	2	0	0	0	0	0	1	2	0	1	2	1	0	3	7	0	0	1	0	0	0	0	0	2	0	0	0	0	0	1	0	0	1	0	0	0	1	0	0	0	1	0	0	0	0	0	0	0	0	1	0
Bifidobacterium adolescentis JCM 15918	fig|1437612.3	0	0	0	0	0	0	3	1	1	3	6	0	3	1	0	13	0	0	0	3	2	0	0	0	0	1	1	2	0	0	2	1	0	3	7	0	0	1	0	0	0	0	0	2	0	0	0	0	0	1	1	0	1	0	0	0	1	0	0	0	1	0	0	0	0	0	0	0	0	2	0
Bifidobacterium adolescentis Km 4	fig|1680.1826	0	0	0	0	0	1	3	1	1	3	6	0	2	1	0	16	0	0	0	2	2	0	0	0	0	1	2	1	0	0	2	1	0	4	8	0	0	1	0	0	0	0	0	2	0	0	0	0	0	1	0	0	1	0	0	0	1	0	0	0	1	0	0	0	0	0	0	0	0	2	0
Bifidobacterium adolescentis L2-32	fig|411481.5	0	0	0	0	0	1	3	1	1	3	6	0	2	1	0	18	0	0	0	2	3	1	0	0	0	1	1	1	0	1	4	1	2	4	6	0	0	1	0	0	0	0	0	2	0	0	0	0	0	2	0	0	1	0	0	0	1	0	0	0	2	0	0	0	0	0	0	0	0	1	0
Bifidobacterium adolescentis P2P3	fig|1680.178	0	1	0	0	0	0	3	1	1	4	5	0	2	1	0	16	0	0	0	3	1	1	0	0	0	1	1	1	0	0	2	1	0	3	7	0	0	1	0	0	0	0	0	2	0	0	0	0	0	1	1	0	1	0	0	0	1	0	0	0	1	0	0	0	0	0	0	0	0	3	0
Bifidobacterium adolescentis STL_TW14.1_LFYP80	fig|6666666.201645	0	0	0	0	0	1	3	1	1	3	6	0	2	1	0	15	0	0	0	3	2	0	0	0	0	1	1	2	0	0	2	1	0	4	9	0	0	1	0	0	0	0	0	2	0	0	0	0	0	1	0	0	1	0	0	0	1	1	0	0	2	0	0	0	0	0	0	0	0	1	0
Bifidobacterium adolescentis TM06-4	fig|1680.143	0	0	0	0	0	0	3	1	0	3	6	0	2	1	0	15	0	0	0	3	1	0	0	0	0	1	0	2	0	0	2	1	0	3	8	0	0	1	0	0	0	0	0	2	0	0	0	0	0	1	0	0	1	0	0	0	1	1	0	0	2	0	0	0	0	0	0	0	0	2	0
Bifidobacterium adolescentis ZJ2	fig|1680.1909	0	0	0	0	0	0	3	1	0	2	6	0	2	1	0	16	0	0	0	3	1	0	0	0	0	1	1	2	0	0	2	1	0	3	10	0	0	1	0	0	0	0	0	2	0	0	0	0	0	1	0	0	1	0	0	0	1	1	0	0	2	0	0	0	0	0	0	0	0	1	0
Bifidobacterium angulatum DSM 20098	fig|518635.5	0	0	1	0	0	0	2	1	1	2	3	0	0	1	0	11	0	0	0	2	1	0	0	0	0	0	2	2	0	0	2	0	0	2	4	0	0	1	0	0	0	0	0	2	0	0	0	0	0	0	0	0	0	0	0	0	1	0	0	0	0	0	0	0	0	0	0	0	0	1	0
Bifidobacterium angulatum GT102	fig|1683.4	0	0	1	0	0	0	3	1	0	1	3	0	0	1	0	12	0	1	0	2	1	1	0	0	0	0	1	2	0	0	3	0	0	2	5	0	0	1	0	0	0	0	0	2	0	0	0	0	0	0	0	0	0	0	0	0	1	0	0	0	0	0	0	0	0	0	0	0	0	1	0
Bifidobacterium animalis subsp. lactis ATCC 27673	fig|1167629.6	0	1	2	1	0	0	3	1	1	3	2	0	2	0	1	12	0	0	0	2	1	0	0	0	0	1	0	1	0	0	3	0	0	1	3	0	0	1	0	0	0	0	0	2	0	0	0	0	0	1	0	0	0	0	0	0	0	0	0	0	1	0	0	0	0	0	0	0	0	0	0
Bifidobacterium animalis subsp. lactis BB-12	fig|552531.3	0	1	2	0	0	0	2	1	1	2	3	0	1	0	0	13	0	0	0	2	2	0	0	0	0	1	0	1	0	0	3	0	0	2	3	0	0	1	0	0	0	0	0	2	0	0	0	0	0	1	0	0	0	0	0	0	0	0	0	0	1	0	0	0	0	0	0	0	0	0	0
Bifidobacterium animalis subsp. lactis CNCM I-2494	fig|1042403.4	0	1	2	0	0	0	2	1	1	2	3	0	1	0	0	13	0	0	0	2	2	0	0	0	0	2	0	1	0	0	3	0	0	2	3	0	0	1	0	0	0	0	0	2	0	0	0	0	0	1	0	0	0	0	0	0	0	0	0	0	1	0	0	0	0	0	0	0	0	0	0
Bifidobacterium animalis subsp. lactis DSM 10140	fig|555970.3	0	1	2	0	0	0	2	1	1	2	3	0	1	0	0	12	0	0	0	2	2	0	0	0	0	2	0	1	0	0	3	0	0	2	3	0	0	1	0	0	0	0	0	2	0	0	0	0	0	1	0	0	0	0	0	0	0	0	0	0	1	0	0	0	0	0	0	0	0	0	0
Bifidobacterium bifidum 156B	fig|1681.51	0	0	1	0	0	1	0	1	1	3	1	0	0	0	0	6	0	0	4	2	1	0	0	0	1	0	0	0	2	0	1	0	0	1	3	0	0	1	0	0	0	0	0	1	0	2	0	1	0	0	1	1	1	1	2	0	0	0	0	0	0	1	0	1	0	0	0	0	0	0	0
Bifidobacterium bifidum 85B	fig|1681.46	0	0	1	0	0	1	0	2	1	3	1	0	0	0	0	6	0	0	4	4	1	0	0	0	1	0	0	0	2	0	1	0	0	2	3	0	0	1	0	0	0	0	0	1	0	2	0	1	0	0	1	1	1	1	2	0	0	0	1	0	0	1	0	1	0	0	0	0	0	0	0
Bifidobacterium bifidum AM36-1AC	fig|1681.129	0	0	1	0	0	1	0	2	1	3	1	0	0	0	0	6	0	0	4	2	2	0	0	0	1	0	0	0	2	0	1	0	0	2	3	0	0	1	0	0	0	0	0	1	0	2	0	1	0	0	1	1	1	1	2	0	0	0	1	0	0	1	0	1	0	0	0	0	0	0	0
Bifidobacterium bifidum ATCC 29521 = JCM 1255 = DSM 20456	fig|500634.6	0	0	1	0	0	1	0	1	2	3	1	0	0	0	0	6	0	0	4	2	2	0	0	0	1	0	0	0	3	0	1	0	0	2	3	0	0	1	0	0	0	0	0	1	0	2	0	1	0	0	1	1	1	1	2	0	0	0	1	0	0	1	0	1	0	0	0	0	0	0	0
Bifidobacterium bifidum BF3	fig|1681.42	0	0	1	0	0	1	0	1	2	3	1	0	0	0	0	6	0	0	4	3	2	0	0	0	1	0	0	0	3	0	1	0	0	2	3	0	0	1	0	0	0	0	0	1	0	2	0	1	0	0	1	1	1	1	2	0	0	0	1	0	0	1	0	1	0	0	0	0	0	0	0
Bifidobacterium bifidum Bg41221_3D10	fig|1681.1372	0	1	1	0	0	1	0	1	2	3	1	0	1	0	0	6	0	0	5	4	3	0	0	0	2	0	0	0	2	0	1	0	0	1	3	0	0	1	0	0	0	0	0	1	0	2	0	1	0	0	1	1	1	1	2	0	0	0	1	0	0	1	0	1	0	0	0	0	0	0	0
Bifidobacterium bifidum BGN4	fig|484020.3	0	0	1	0	0	1	0	1	1	3	1	0	1	0	0	6	0	0	4	3	2	0	0	0	1	0	0	0	2	0	1	0	0	2	2	0	0	1	0	0	0	0	0	1	0	2	0	1	0	0	1	1	1	1	2	0	0	0	1	0	0	1	0	1	0	0	0	0	0	0	0
Bifidobacterium bifidum BIOML-A8	fig|1681.806	0	0	1	0	0	1	0	1	1	3	1	0	0	0	0	6	0	0	4	2	1	0	0	0	1	0	0	0	2	0	1	0	0	1	3	0	0	1	0	0	0	0	0	1	0	2	0	1	0	0	1	1	1	1	2	0	0	0	1	0	0	1	0	1	0	0	0	0	0	0	0
Bifidobacterium bifidum BSD2780061688st1_G1	fig|1681.763	0	0	1	0	0	1	0	1	1	3	1	0	0	0	0	6	0	0	4	2	3	0	0	0	1	0	0	0	2	0	1	0	0	2	2	0	0	1	0	0	0	0	0	1	0	2	0	1	0	0	1	1	1	1	2	0	0	0	1	0	0	1	0	1	0	0	0	0	0	0	0
Bifidobacterium bifidum ICIS-202	fig|1681.762	0	0	1	0	0	1	0	1	1	3	1	0	0	0	0	6	0	0	4	3	2	0	0	0	1	0	0	0	2	0	1	0	0	2	2	0	0	1	0	0	0	0	0	1	0	2	0	1	0	0	1	1	0	1	4	0	0	0	1	0	0	1	0	1	0	0	0	0	0	0	0
Bifidobacterium bifidum IPLA 20015	fig|1681.44	0	0	1	0	0	1	0	1	1	3	1	0	0	0	0	6	0	0	4	2	1	0	0	0	1	0	0	0	2	0	1	0	0	1	2	0	0	1	0	0	0	0	0	1	0	2	0	1	0	0	1	1	1	1	2	0	0	0	1	0	0	1	0	1	0	0	0	0	0	0	0
Bifidobacterium bifidum LMG 11583	fig|1681.47	0	0	1	0	0	1	0	1	1	3	1	0	0	0	0	6	0	0	4	3	1	0	0	0	1	0	0	0	1	0	1	0	0	1	3	0	0	1	0	0	0	0	0	1	0	2	0	1	0	0	1	1	1	1	2	0	0	0	0	0	0	1	0	1	0	0	0	0	0	0	0
Bifidobacterium bifidum LMG 13195 = JCM 7004	fig|1207542.9	0	0	1	0	0	1	0	1	2	3	1	0	0	0	0	6	0	0	4	2	2	0	0	0	1	0	0	0	2	0	1	0	0	2	2	0	0	1	0	0	0	0	0	1	0	2	0	1	0	0	1	1	1	1	2	0	0	0	1	0	0	1	0	1	0	0	0	0	0	0	0
Bifidobacterium bifidum LMG 13200	fig|1681.48	0	0	1	0	0	2	0	1	1	3	1	0	0	0	0	6	0	0	4	3	1	0	0	0	1	0	0	0	2	0	1	0	0	1	3	0	0	1	0	0	0	0	0	1	0	2	0	1	0	0	1	1	1	1	2	0	0	0	0	0	0	1	0	1	0	0	0	0	0	0	0
Bifidobacterium bifidum MJR8628B	fig|1681.53	0	0	1	0	0	1	0	2	1	3	1	0	0	0	0	6	0	0	4	3	3	0	0	0	1	0	0	0	2	0	1	0	0	2	3	0	0	1	0	0	0	0	0	1	0	2	0	1	0	0	0	1	1	1	1	0	0	0	1	0	0	1	0	0	0	0	0	0	0	0	0
Bifidobacterium bifidum NCIMB 41171	fig|398513.5	0	0	1	0	0	1	0	1	1	3	1	0	0	0	0	6	0	0	4	2	1	0	0	0	1	0	0	0	2	0	1	0	0	2	2	0	0	1	0	0	0	0	0	1	0	2	0	1	0	0	1	1	1	1	2	0	0	0	1	0	0	1	0	1	0	0	0	0	0	0	0
Bifidobacterium bifidum PRI 1	fig|1681.94	0	0	1	0	0	1	0	1	1	3	1	0	1	0	0	6	0	0	4	3	3	0	0	0	1	0	0	0	2	0	1	0	0	2	2	0	0	1	0	0	0	0	0	1	0	2	0	1	0	0	1	1	1	1	2	0	0	0	1	0	0	1	0	1	0	0	0	0	0	0	0
Bifidobacterium bifidum PRL2010	fig|702459.3	0	0	1	0	0	1	0	1	1	3	1	0	0	0	0	6	0	0	4	2	2	0	0	0	1	0	0	0	2	0	1	0	0	2	2	0	0	1	0	0	0	0	0	1	0	2	0	1	0	0	1	1	1	1	2	0	0	0	1	0	0	1	0	1	0	0	0	0	0	0	0
Bifidobacterium bifidum S17	fig|883062.5	0	0	1	0	0	1	0	1	1	3	1	0	0	0	0	6	0	0	4	2	1	0	0	0	1	0	0	0	2	0	1	0	0	1	2	0	0	1	0	0	0	0	0	1	0	2	0	1	0	0	1	1	1	1	2	0	0	0	1	0	0	1	0	1	0	0	0	0	0	0	0
Bifidobacterium bifidum S6	fig|1681.114	0	0	1	0	0	1	0	2	1	3	1	0	0	0	0	6	0	0	4	4	2	0	0	0	1	0	0	0	2	0	1	0	0	1	2	0	0	1	0	0	0	0	0	1	0	2	0	1	0	0	1	1	1	1	2	0	0	0	1	0	0	1	0	1	0	0	0	0	0	0	0
Bifidobacterium bifidum TM04-12	fig|1681.116	0	0	1	0	0	1	0	1	1	3	1	0	1	0	0	6	0	0	4	3	1	0	0	0	1	0	0	0	2	0	1	0	0	2	3	0	0	1	0	0	0	0	0	1	0	2	0	1	0	0	1	1	1	1	2	0	0	0	1	0	0	1	0	1	0	0	0	0	0	0	0
Bifidobacterium bifidum TMC 3115	fig|1681.137	0	0	1	0	0	1	0	1	1	3	1	0	0	0	0	6	0	0	4	2	2	0	0	0	1	0	0	0	2	0	1	0	0	2	2	0	0	1	0	0	0	0	0	1	0	2	0	1	0	0	1	1	1	1	2	0	0	0	1	0	0	1	0	1	0	0	0	0	0	0	0
Bifidobacterium breve 12L	fig|1385938.3	0	0	0	0	0	2	0	1	1	2	3	0	2	0	0	12	0	1	1	4	1	0	0	0	0	0	0	1	1	0	3	2	0	2	1	0	0	0	1	0	0	0	0	2	0	0	0	0	0	0	1	0	1	0	1	0	0	0	0	1	1	1	0	0	0	0	0	0	0	1	0
Bifidobacterium breve 689b	fig|1385942.3	0	0	0	0	0	2	0	1	1	3	6	0	2	0	0	12	0	2	1	3	1	0	0	0	0	1	0	1	1	0	2	2	0	2	1	0	0	0	1	1	0	0	0	2	1	0	1	0	0	0	1	0	1	0	1	0	0	0	0	1	1	1	0	0	0	0	0	1	0	0	0
Bifidobacterium breve ACS-071-V-Sch8b	fig|866777.3	0	1	0	0	0	2	1	1	2	4	5	0	2	0	0	11	0	1	1	3	1	0	0	0	0	0	0	1	1	0	2	2	0	3	1	0	0	0	1	0	1	0	0	2	0	0	0	0	0	0	1	0	1	0	1	0	0	0	0	1	1	1	0	0	0	0	0	0	0	0	1
Bifidobacterium breve Bg046.S10_2D4	fig|216816.1985	0	0	0	0	0	1	0	1	1	3	6	0	2	0	0	14	0	1	1	2	2	0	0	0	0	1	2	2	1	0	3	3	0	2	1	0	0	0	1	1	1	0	0	2	1	0	1	0	0	0	1	0	1	0	1	0	0	0	0	1	0	1	0	0	0	0	0	1	0	2	0
Bifidobacterium breve Bg155.S08_4F7	fig|216816.1988	0	0	0	0	0	1	0	1	1	2	5	0	2	0	0	13	0	0	1	4	1	0	0	0	0	1	1	2	1	0	3	3	0	2	0	0	0	0	1	1	0	0	0	2	1	0	1	0	0	0	1	0	1	0	1	0	0	0	0	1	0	1	0	0	0	0	0	1	0	2	0
Bifidobacterium breve Bg155.S09_23A9	fig|1682.55	0	1	0	0	0	2	1	1	2	4	5	0	2	0	0	13	0	0	1	4	1	0	0	0	0	0	0	2	1	0	3	2	0	2	1	0	0	0	1	0	1	0	0	2	0	0	0	0	0	0	1	0	1	0	1	0	0	0	0	1	0	1	0	0	0	0	0	0	0	2	0
Bifidobacterium breve Bg41221_3D4	fig|1685.589	0	0	0	0	0	2	0	1	2	2	6	0	2	0	0	12	0	0	1	3	1	0	0	0	0	0	0	1	1	0	2	2	0	2	1	0	0	0	1	0	0	0	0	2	1	0	0	0	0	0	1	0	1	0	1	0	0	0	0	1	0	1	0	0	0	0	0	0	0	0	0
Bifidobacterium breve Bg41721_1A9	fig|1685.590	0	0	0	0	0	2	0	1	1	2	3	0	2	0	0	13	0	1	1	2	2	0	0	0	0	0	1	2	1	0	3	3	0	2	1	0	0	0	0	0	0	0	0	2	0	0	1	0	0	0	1	0	1	0	1	0	0	0	0	1	0	1	0	0	0	0	0	0	0	2	0
Bifidobacterium breve Bg41721_1C11	fig|1685.400	0	1	0	0	0	1	1	2	2	3	5	0	2	0	0	14	0	0	1	2	1	0	0	0	0	1	1	1	0	0	3	3	0	3	1	0	0	1	0	1	0	0	0	2	2	0	1	0	0	1	1	0	1	0	1	0	0	0	1	1	0	1	0	0	0	0	0	1	0	1	0
Bifidobacterium breve Bg42221_1C1	fig|1685.408	0	1	0	0	0	1	1	1	2	3	4	0	2	0	0	13	0	1	1	3	1	0	0	0	0	0	2	2	1	1	2	3	0	2	1	0	0	0	1	0	0	0	0	2	0	0	1	0	0	0	1	0	1	0	1	0	0	0	0	1	0	1	0	0	0	0	0	0	0	1	0
Bifidobacterium breve Bg42221_1D1	fig|1685.409	0	1	0	0	0	1	1	1	2	3	4	0	2	0	0	13	0	1	1	3	1	0	0	0	0	0	2	2	1	1	2	3	0	2	1	0	0	0	1	0	0	0	0	2	0	0	1	0	0	0	1	0	1	0	1	0	0	0	0	1	0	1	0	0	0	0	0	0	0	1	0
Bifidobacterium breve CECT 7263	fig|1036735.3	0	1	0	0	0	2	1	1	2	4	5	0	2	0	0	13	0	1	1	4	1	0	0	0	0	0	1	2	1	0	2	2	0	2	0	0	0	0	1	0	1	0	0	2	0	0	0	0	0	0	2	0	1	0	1	0	0	0	0	1	1	1	0	0	0	0	0	0	0	1	0
Bifidobacterium breve DPC 6330	fig|1074482.3	0	0	0	0	0	1	0	1	1	3	3	0	2	0	0	12	0	1	1	4	1	0	0	0	0	0	1	3	1	0	2	2	0	2	1	0	0	0	1	0	1	0	0	2	0	0	0	0	0	0	1	0	1	0	0	0	0	0	0	1	1	1	0	0	0	0	0	0	0	2	0
Bifidobacterium breve DSM 20213 = JCM 1192	fig|518634.20	0	0	0	0	0	2	0	1	1	2	5	0	2	0	0	11	0	0	1	3	1	0	0	0	0	0	0	1	1	0	2	2	0	2	0	0	0	0	0	0	0	0	0	2	0	0	0	0	0	0	1	0	1	0	1	0	0	0	0	1	1	1	0	0	0	0	0	0	0	0	0
Bifidobacterium breve HPH0326	fig|1203540.3	0	1	0	0	0	1	1	2	2	4	5	0	2	0	0	13	0	1	1	5	3	0	0	0	0	0	1	2	1	0	2	2	0	2	0	0	0	0	1	0	1	0	0	2	0	0	1	0	0	0	1	0	1	0	1	0	0	0	1	1	1	1	0	0	0	0	0	0	0	1	0
Bifidobacterium breve JCM 7017	fig|1385939.3	0	0	0	0	0	2	0	1	2	2	5	0	2	0	0	13	0	1	1	3	2	0	0	0	0	0	1	2	1	0	2	2	0	3	1	0	0	0	1	0	0	0	0	2	0	0	1	0	0	0	1	0	1	0	1	0	0	0	0	1	0	1	0	0	0	0	0	0	0	1	0
Bifidobacterium breve JCM 7019	fig|1385940.3	0	1	0	0	0	2	1	1	3	4	4	0	2	0	0	12	0	1	1	2	2	0	0	0	0	1	1	1	1	1	3	3	0	2	0	0	0	0	0	0	0	0	0	2	1	0	1	0	0	0	1	0	1	0	1	0	0	0	0	1	1	1	0	0	1	0	0	0	0	1	0
Bifidobacterium breve JG_Bg463	fig|1685.1289	0	0	0	0	0	2	0	1	0	2	5	0	1	0	0	13	0	1	1	4	1	0	0	0	0	0	1	2	1	0	3	0	0	2	1	0	0	1	0	0	0	0	0	2	0	0	0	0	0	0	1	0	1	0	1	0	0	0	0	0	0	1	0	0	0	0	0	0	0	2	0
Bifidobacterium breve MCC 0121	fig|1365960.3	0	0	0	0	0	2	0	1	2	2	4	0	2	0	0	12	0	1	1	5	2	0	0	0	0	0	2	3	1	0	2	3	0	3	1	0	0	0	0	0	0	0	0	2	0	0	1	0	0	0	1	0	1	0	1	0	0	0	0	1	1	1	0	0	0	0	0	0	0	2	0
Bifidobacterium breve MCC 0305	fig|1365961.3	0	0	0	0	0	2	0	1	1	3	3	0	2	0	0	11	0	1	1	3	2	0	0	0	1	0	0	1	1	0	2	2	0	2	0	0	0	0	1	0	1	0	0	2	0	0	0	0	0	0	1	0	1	0	1	0	0	0	0	1	1	1	0	0	0	0	0	0	0	0	0
Bifidobacterium breve MCC 0476	fig|1365962.3	0	0	0	0	0	1	0	1	2	2	5	0	2	0	0	13	0	2	1	2	1	0	0	0	0	0	2	3	1	0	2	2	0	2	0	0	0	0	1	0	0	0	0	3	0	0	1	0	0	0	1	0	1	0	1	0	0	0	0	1	1	1	0	0	0	0	0	0	0	2	0
Bifidobacterium breve MCC 1094	fig|1365963.3	0	0	0	0	0	1	0	1	2	3	4	0	2	0	0	12	0	1	1	3	1	0	0	0	0	0	2	2	1	0	2	3	0	2	0	0	0	0	1	0	1	0	0	2	0	0	1	0	0	0	1	0	1	0	1	0	0	0	0	1	1	1	0	0	0	0	0	0	0	1	0
Bifidobacterium breve MCC 1114	fig|1365964.3	0	0	0	0	0	2	0	1	2	3	4	0	2	0	0	13	0	1	1	5	1	0	0	0	0	0	1	3	1	1	2	2	0	2	0	0	0	0	1	0	1	0	0	2	1	0	0	0	0	0	1	0	1	0	1	0	0	0	0	1	1	1	0	0	0	0	0	0	0	2	0
Bifidobacterium breve MCC 1128	fig|1365965.3	0	0	0	0	0	1	0	1	1	3	4	0	2	0	0	12	0	1	1	5	3	0	0	0	0	1	1	3	1	0	2	2	0	2	0	0	0	0	1	1	1	0	0	2	1	0	0	0	0	0	1	0	1	0	1	0	0	0	0	1	1	1	0	0	0	0	0	1	0	2	0
Bifidobacterium breve MCC 1340	fig|1365966.3	0	1	0	0	0	1	1	1	3	3	6	0	2	0	0	12	0	2	1	3	1	0	0	0	1	0	1	4	1	0	2	2	0	2	0	0	0	0	1	0	0	0	0	2	0	0	1	0	0	0	1	0	1	0	1	0	0	0	0	1	1	1	0	0	0	0	0	0	0	2	0
Bifidobacterium breve MCC 1604	fig|1365968.3	0	0	0	0	0	2	0	1	1	3	3	0	2	0	0	12	0	1	1	2	1	0	0	0	0	0	1	2	1	0	1	2	0	2	0	0	0	0	1	0	0	0	0	2	0	0	0	0	0	0	1	0	1	0	1	0	0	0	0	1	1	1	0	0	0	0	0	0	0	1	0
Bifidobacterium breve MCC 1605	fig|1365969.3	0	0	0	0	0	2	0	1	1	2	2	0	2	0	0	13	0	1	1	4	2	0	0	0	0	0	1	3	1	0	2	2	0	3	1	0	0	0	0	0	0	0	0	2	0	0	0	0	0	0	1	0	1	0	1	0	0	0	0	1	1	1	0	0	0	0	0	0	0	2	0
Bifidobacterium breve NCFB 2258	fig|1385941.3	0	0	0	0	0	2	0	1	1	3	5	0	2	0	0	11	0	1	1	3	1	0	0	0	0	0	1	1	1	0	2	3	0	2	0	0	0	0	1	0	1	0	0	2	0	0	1	0	0	0	1	0	1	0	1	0	0	0	0	1	1	1	0	0	0	0	0	0	0	0	0
Bifidobacterium breve PE1C332_2G11	fig|1682.56	0	1	0	0	0	2	1	1	3	5	7	0	1	0	0	13	0	2	1	3	1	0	0	0	0	2	0	2	1	0	2	2	0	2	0	0	0	0	1	1	0	0	0	2	1	0	1	0	0	0	1	0	1	0	1	0	0	0	0	1	0	1	0	0	0	0	0	1	0	2	0
Bifidobacterium breve STL_TW14.1_LFYP81	fig|6666666.201646	0	1	0	0	0	1	1	2	2	4	4	0	2	0	0	12	0	1	1	4	1	0	0	0	0	0	1	1	1	0	3	3	0	3	1	0	0	0	1	0	1	0	0	2	0	0	1	0	0	1	1	0	1	0	1	0	0	0	1	1	1	1	0	0	0	0	0	0	0	0	0
Bifidobacterium breve UCC2003	fig|326426.4	0	0	0	0	0	2	0	1	2	5	6	0	2	0	0	13	0	1	1	3	1	0	0	0	0	1	2	2	1	1	2	3	0	2	0	0	0	0	1	0	1	0	0	2	0	0	1	0	0	0	1	0	1	0	1	0	0	0	0	1	2	1	0	0	0	0	0	0	0	2	0
Bifidobacterium catenulatum subsp. catenulatum 1899B	fig|1686.6	0	0	0	0	0	1	4	1	0	2	6	0	2	2	1	9	0	0	1	2	2	0	0	0	0	1	1	1	0	1	4	1	2	3	9	0	0	2	0	0	0	0	0	2	1	0	0	0	0	0	0	0	1	0	0	0	1	0	0	0	2	0	0	0	0	0	0	0	0	1	0
Bifidobacterium catenulatum subsp. catenulatum DSM 16992	fig|566552.4	0	0	0	0	0	1	2	1	0	3	6	0	2	1	0	7	0	0	0	3	1	0	0	0	0	1	1	2	0	0	3	1	1	3	7	0	0	3	0	0	0	0	0	2	0	0	0	0	0	0	0	0	1	0	0	0	1	1	0	0	3	0	0	0	0	0	0	0	0	2	0
Bifidobacterium catenulatum subsp. kashiwanohense Bg42221_1E1	fig|630129.38	0	0	0	0	0	2	4	1	1	2	7	0	3	2	1	8	0	1	2	2	2	1	1	0	3	0	2	2	1	0	3	1	0	3	12	0	0	2	0	0	0	0	0	2	1	0	0	0	1	1	1	0	1	0	0	0	1	0	0	0	1	0	0	0	0	0	0	0	0	1	0
Bifidobacterium catenulatum subsp. kashiwanohense JCM 15439 = DSM 21854	fig|1150460.7	0	1	0	0	0	1	5	1	2	3	5	0	1	2	1	9	0	1	1	4	1	0	1	0	2	1	3	2	0	1	2	1	0	3	8	0	0	2	0	0	0	0	0	2	0	0	0	0	0	0	1	0	1	0	0	0	1	0	0	0	1	0	0	0	0	0	0	0	0	1	0
Bifidobacterium catenulatum subsp. kashiwanohense_A Bg41121_2E9	fig|630129.13	0	0	0	0	0	1	4	1	2	2	5	0	1	2	1	9	0	1	1	3	2	0	0	0	1	1	2	2	0	0	2	1	0	3	10	0	0	1	0	0	0	0	0	2	0	0	0	0	1	0	1	0	1	0	0	0	2	0	0	0	0	0	0	0	0	1	0	0	0	1	0
Bifidobacterium catenulatum subsp. kashiwanohense_A Bg42221_1D3	fig|630129.10	0	0	0	0	0	1	4	1	1	2	7	0	3	2	1	9	0	1	1	2	3	1	0	0	2	1	2	2	0	0	4	1	1	4	12	0	0	1	0	0	0	0	0	2	0	0	0	0	0	1	1	0	1	0	0	0	2	0	0	0	0	0	0	0	0	1	0	0	0	1	0
Bifidobacterium catenulatum subsp. kashiwanohense_A PV20-2	fig|1447716.4	0	0	0	0	0	1	2	1	2	2	6	0	3	0	0	8	0	1	1	3	1	0	0	0	0	0	2	2	0	0	2	1	0	3	6	0	0	1	0	0	0	0	0	2	1	0	0	0	0	0	1	0	1	0	0	0	0	0	0	0	0	0	0	0	0	1	0	0	0	1	1
Bifidobacterium dentium ATCC 27679	fig|871562.3	0	1	1	0	0	2	2	2	2	6	12	0	4	0	0	14	0	0	0	4	2	2	1	0	1	1	4	2	1	0	5	0	0	4	12	0	0	1	1	0	0	0	0	2	1	0	0	0	0	1	0	0	1	0	0	0	0	0	0	1	1	0	0	0	0	0	0	0	0	2	0
Bifidobacterium dentium Bd1	fig|401473.3	0	1	1	0	0	1	2	2	2	6	11	0	4	0	0	13	0	0	0	3	2	2	1	0	1	1	4	2	0	0	5	0	0	4	12	0	0	2	1	0	0	0	0	2	1	0	0	0	0	1	0	0	1	0	0	0	0	1	0	1	2	0	0	0	0	0	0	0	0	2	0
Bifidobacterium dentium MSTE12	fig|1161409.3	0	1	1	0	0	2	3	2	2	6	10	0	5	0	0	14	0	0	0	5	1	2	1	0	1	1	4	3	1	0	5	0	1	4	12	0	0	1	0	0	0	0	0	2	1	0	0	0	0	1	0	0	1	0	0	0	0	0	0	1	2	0	0	0	0	0	0	0	0	3	0
Bifidobacterium dentium STL_TW14.1_LFYP24	fig|6666666.201629	0	1	1	0	0	2	3	2	2	6	10	0	4	0	0	14	0	0	0	5	1	2	1	0	1	1	4	3	1	0	5	0	1	4	12	0	0	1	1	0	0	0	0	2	1	0	0	0	0	1	0	0	1	0	0	0	0	0	0	1	2	0	0	0	0	0	0	0	0	3	0
Bifidobacterium gallicum DSM 20093	fig|561180.4	0	0	1	0	0	1	1	2	0	1	2	0	0	0	0	11	0	0	0	2	1	0	0	0	0	0	0	1	0	0	1	0	0	0	2	0	0	0	0	0	0	0	0	2	0	0	0	0	0	0	0	0	1	0	0	0	0	0	0	0	0	0	0	0	0	0	0	0	0	0	0
Bifidobacterium longum 1897B	fig|216816.144	0	0	0	0	0	1	1	2	0	1	6	0	0	1	0	11	0	0	1	4	2	0	0	0	0	1	0	3	0	1	1	0	0	3	4	0	0	2	0	0	0	0	0	2	0	0	0	0	0	0	0	0	1	0	0	0	1	1	0	0	2	0	0	0	0	0	0	0	0	2	0
Bifidobacterium longum 239-2	fig|216816.262	0	0	0	0	0	1	0	1	0	2	7	0	0	0	0	12	0	0	1	3	0	0	1	0	0	0	1	3	0	1	1	0	0	2	1	0	0	1	0	0	0	0	0	2	0	0	0	0	0	0	0	0	1	0	0	0	0	0	0	0	1	0	0	0	0	0	0	0	0	3	0
Bifidobacterium longum STL_TW14.1_LFYP82	fig|216816.1981	0	0	0	0	0	1	0	1	0	2	7	0	0	0	0	12	0	0	1	4	0	0	1	0	0	0	1	3	0	1	1	0	0	2	1	0	0	1	0	0	0	0	0	2	0	0	0	0	0	0	0	0	1	0	0	0	0	0	0	0	1	0	0	0	0	0	0	0	0	2	0
Bifidobacterium longum subsp. infantis ATCC 15697 = JCM 1222	fig|391904.5	0	1	0	0	0	1	1	1	1	2	2	0	2	0	0	8	0	1	3	2	4	0	0	0	3	0	0	2	2	0	1	2	0	3	1	0	0	1	0	0	0	0	0	2	0	0	0	0	0	0	1	0	1	0	1	0	0	0	0	1	0	1	0	0	0	0	0	0	0	1	1
Bifidobacterium longum subsp. infantis Bg064.S07_13.C6	fig|1682.51	0	0	0	0	0	1	0	2	1	3	1	1	2	0	0	9	0	1	2	3	0	0	0	0	3	0	1	2	2	0	2	3	0	2	2	0	0	1	0	0	0	0	0	2	0	0	0	0	0	0	1	0	1	0	1	0	0	0	0	1	0	1	0	1	0	0	1	0	1	2	0
Bifidobacterium longum subsp. infantis Bg40721_2D9	fig|1682.151	0	0	0	0	0	2	0	3	0	3	3	0	3	0	0	8	0	1	3	3	0	0	0	0	3	1	0	1	2	0	1	1	0	2	1	0	0	1	0	0	0	0	0	2	0	0	2	0	0	0	1	0	1	0	1	0	0	0	1	2	0	1	0	1	0	0	0	0	0	0	0
Bifidobacterium longum subsp. infantis Bg41721_1D11	fig|1682.153	0	0	0	0	0	1	0	2	1	3	2	0	2	0	0	8	0	0	2	2	3	0	0	0	3	0	0	2	2	0	1	2	0	2	1	0	0	1	0	0	0	0	0	2	0	0	0	0	0	0	1	0	1	0	1	0	0	0	0	1	0	1	0	0	0	0	1	0	1	0	0
Bifidobacterium longum subsp. infantis BT1	fig|1682.24	0	0	0	0	0	1	0	1	0	2	4	0	3	0	0	8	0	1	3	2	0	0	0	0	3	0	0	1	2	0	1	2	0	2	1	0	0	1	0	0	0	0	0	2	0	0	1	0	0	0	1	0	1	0	1	0	0	0	0	1	0	1	0	0	0	0	0	0	0	0	0
Bifidobacterium longum subsp. infantis IN-F29	fig|1682.29	0	0	0	0	0	2	0	2	0	1	2	0	3	0	0	8	0	1	3	4	0	0	0	0	6	0	0	1	2	0	1	1	0	2	0	0	0	1	0	0	0	0	0	2	0	0	2	0	0	0	1	0	1	0	1	0	0	0	0	2	0	1	0	0	0	0	1	0	0	0	1
Bifidobacterium longum subsp. infantis JG_Bg463	fig|1682.154	0	0	0	0	0	1	0	1	1	2	3	0	2	0	0	8	0	1	2	2	1	0	0	0	2	0	0	1	2	0	1	2	0	2	1	0	0	1	0	0	0	0	0	2	0	0	1	0	0	0	1	0	1	0	1	0	0	0	0	1	0	1	0	0	0	0	0	0	0	0	0
Bifidobacterium longum subsp. infantis LH_23	fig|1682.137	0	0	0	0	0	1	0	2	1	2	2	0	2	0	0	9	0	0	2	4	2	0	0	0	2	0	1	2	2	0	2	2	0	3	2	0	0	1	0	0	0	0	0	2	0	0	0	0	0	0	1	0	1	0	1	0	0	0	1	1	0	1	0	1	0	0	0	0	0	1	0
Bifidobacterium longum subsp. infantis LH_664	fig|1682.138	0	0	0	0	0	1	0	3	1	2	2	1	2	0	0	8	0	1	2	3	1	0	0	0	4	0	0	2	2	0	1	3	0	3	1	0	0	1	0	0	0	0	0	2	0	0	0	0	0	0	1	0	1	0	1	0	0	0	1	1	0	1	0	1	0	0	1	0	0	0	1
Bifidobacterium longum subsp. infantis LH_666	fig|1682.136	0	0	0	0	0	1	0	3	1	2	2	1	2	0	0	8	0	1	2	3	1	0	0	0	4	0	0	2	2	0	1	3	0	3	3	0	0	1	0	0	0	0	0	2	0	0	0	0	0	0	1	0	1	0	1	0	1	0	1	1	0	1	0	1	0	0	1	0	0	0	1
Bifidobacterium longum subsp. infantis Malawi264A_MC1	fig|1682.50	0	0	0	0	0	1	0	1	0	3	4	0	2	0	0	8	0	2	3	2	2	0	0	0	3	1	0	1	2	0	1	2	0	2	1	0	0	1	0	0	0	0	0	2	0	0	1	0	0	0	1	0	1	0	1	0	0	0	0	1	0	1	0	1	0	0	0	0	0	0	1
Bifidobacterium longum subsp. infantis Malawi264A_MC2	fig|1682.49	0	0	0	0	0	1	0	1	0	1	2	1	3	0	0	8	0	3	3	2	0	0	0	0	4	0	1	0	2	0	1	4	0	2	0	0	0	1	0	0	0	0	0	2	0	0	1	0	0	0	1	0	1	0	1	0	0	0	0	1	0	1	0	0	0	0	2	0	0	0	1
Bifidobacterium longum subsp. infantis R0033	fig|1678.111	0	0	0	0	0	1	0	1	2	2	1	1	2	0	0	8	0	1	2	2	1	0	0	0	3	0	0	2	2	0	1	3	0	2	2	0	0	1	0	0	0	0	0	2	0	0	0	0	0	0	1	0	1	0	1	0	1	0	0	1	0	1	0	0	0	0	0	0	0	0	0
Bifidobacterium longum subsp. infantis TPY12-1	fig|1682.30	0	0	0	0	0	1	0	2	1	2	3	0	3	0	0	8	0	2	2	3	4	0	0	0	2	0	2	1	2	0	1	2	0	2	2	0	0	1	0	0	0	0	0	2	0	0	1	0	0	0	1	0	1	0	1	0	0	0	1	1	0	1	0	1	0	0	0	0	0	1	0
Bifidobacterium longum subsp. longum 1	fig|216816.315	0	0	0	0	0	2	0	1	0	1	4	0	1	0	0	11	0	0	1	2	1	0	1	0	0	1	2	1	0	0	3	0	1	2	5	0	0	4	0	0	0	0	0	2	0	0	0	0	0	0	0	1	1	0	1	0	0	1	0	0	2	1	0	1	0	0	0	0	0	1	0
Bifidobacterium longum subsp. longum 1-5B	fig|1350471.3	1	0	0	0	1	1	0	1	0	1	3	0	1	0	0	9	0	0	1	5	0	0	1	0	0	1	2	1	0	0	2	0	0	2	10	0	0	5	1	0	0	0	0	2	0	0	0	0	0	0	0	1	1	0	1	0	0	1	0	0	2	1	0	0	0	1	0	0	0	2	0
Bifidobacterium longum subsp. longum 1-6B	fig|1161744.3	0	0	0	0	0	1	0	1	0	1	2	0	1	0	0	8	0	0	1	3	2	0	1	0	0	1	2	2	0	0	1	0	0	2	15	0	0	5	1	0	0	0	0	2	0	0	0	0	0	0	0	1	1	0	1	0	1	1	0	0	2	1	0	0	0	0	0	0	0	1	0
Bifidobacterium longum subsp. longum 105-A	fig|216816.107	1	0	0	0	1	1	0	1	0	2	5	0	2	0	0	10	0	0	1	3	0	0	1	0	0	1	2	1	0	0	2	2	0	2	13	0	0	5	0	0	0	0	0	2	0	0	1	0	0	0	0	1	1	0	1	0	0	1	0	1	2	0	0	1	0	0	0	0	0	1	0
Bifidobacterium longum subsp. longum 12_1_47BFAA	fig|469594.3	1	0	0	0	1	1	0	1	0	1	4	0	1	0	0	9	0	0	1	4	0	0	1	0	0	1	2	1	0	0	1	2	0	2	9	0	0	5	1	0	0	0	0	2	0	0	1	0	0	0	0	1	1	0	1	0	1	1	0	1	2	1	0	0	0	0	0	0	0	0	1
Bifidobacterium longum subsp. longum 157F	fig|565040.3	1	0	0	0	1	1	0	1	0	2	5	0	2	0	0	9	0	1	1	3	1	0	1	0	0	1	2	1	0	0	1	2	0	2	7	0	0	4	1	0	1	0	0	2	0	0	0	0	0	0	0	1	1	0	1	0	1	1	0	1	2	1	0	0	0	0	0	0	0	0	0
Bifidobacterium longum subsp. longum 17-1B	fig|1350473.3	1	0	0	0	1	1	1	1	0	1	4	0	2	0	0	12	0	0	1	4	2	0	1	0	0	1	2	2	0	0	2	2	0	2	9	0	0	4	0	0	0	0	0	2	0	0	1	0	0	0	0	1	1	0	1	0	1	1	0	1	2	1	0	1	0	1	0	0	0	1	0
Bifidobacterium longum subsp. longum 1886B	fig|216816.146	0	0	0	0	0	1	0	2	0	1	4	0	1	0	0	8	0	0	1	3	3	0	1	0	0	1	2	1	1	0	1	0	0	2	12	0	0	4	1	0	0	0	0	2	0	0	0	0	0	0	0	1	1	0	1	0	1	1	0	0	2	1	0	0	0	0	0	0	0	0	1
Bifidobacterium longum subsp. longum 1890B	fig|216816.145	0	0	0	0	0	1	0	1	0	1	3	0	2	0	0	9	0	0	1	2	0	0	1	0	0	1	3	2	0	0	2	2	1	2	17	0	0	5	1	0	0	0	0	2	0	0	1	0	0	0	0	1	1	0	1	0	1	1	0	1	2	1	0	1	0	1	0	0	0	1	0
Bifidobacterium longum subsp. longum 2-2B	fig|1161745.3	1	0	0	0	1	1	1	1	0	1	4	0	2	0	0	11	0	0	1	3	1	0	1	0	0	1	2	1	0	0	2	2	0	2	13	0	0	5	1	0	0	0	0	2	0	0	1	0	0	0	0	1	1	0	1	0	0	1	0	1	2	1	0	0	0	2	0	0	0	2	0
Bifidobacterium longum subsp. longum 296B	fig|1679.29	1	0	0	0	1	1	0	1	0	1	3	0	1	0	0	10	0	0	1	2	0	0	1	0	0	1	2	1	0	0	2	0	0	2	10	0	0	4	0	0	0	0	0	2	0	0	0	0	0	0	0	1	1	0	1	0	0	2	0	0	2	1	0	0	0	2	0	0	0	1	0
Bifidobacterium longum subsp. longum 35624	fig|216816.126	1	0	0	0	1	1	0	1	0	2	3	0	1	0	0	9	0	1	1	3	1	0	1	0	0	1	2	1	0	0	2	0	0	2	7	0	0	4	1	0	0	0	0	2	0	0	0	0	0	0	0	1	1	0	1	0	0	1	0	0	2	0	0	1	0	1	0	0	0	2	0
Bifidobacterium longum subsp. longum 35B	fig|1161904.3	1	0	0	0	1	2	1	1	0	1	4	0	2	0	0	10	0	0	1	4	2	0	1	0	0	1	2	1	0	0	2	0	0	2	13	0	0	5	1	0	0	0	0	2	0	0	1	0	0	0	0	1	1	0	1	0	0	1	0	1	2	1	0	0	0	2	0	0	0	2	0
Bifidobacterium longum subsp. longum 379	fig|216816.117	1	0	0	0	1	1	0	1	0	1	3	0	1	0	0	10	0	1	1	2	0	0	1	0	0	1	2	2	0	0	1	0	0	2	11	0	0	5	1	0	0	0	0	2	0	0	0	0	0	0	0	1	1	0	1	0	1	1	0	0	2	1	0	1	0	1	0	0	0	1	0
Bifidobacterium longum subsp. longum 44B	fig|1161743.3	0	0	0	0	0	1	0	1	0	1	4	0	2	0	0	8	0	1	1	2	2	0	1	0	0	1	2	2	0	0	1	2	0	2	15	0	0	5	1	0	0	0	0	2	0	0	1	0	0	0	0	1	1	0	1	0	1	1	0	1	2	1	0	0	0	0	0	0	0	1	0
Bifidobacterium longum subsp. longum 7-1B	fig|1350472.3	1	0	0	0	1	1	1	1	0	1	4	0	2	0	0	10	0	0	1	3	2	0	1	0	0	1	2	2	0	0	2	2	0	2	13	0	0	5	1	0	0	0	0	2	0	0	1	0	0	0	0	1	1	0	1	0	0	1	0	1	2	1	0	0	0	1	0	0	0	2	0
Bifidobacterium longum subsp. longum 72B	fig|1457184.3	0	0	0	0	0	2	0	1	0	1	3	0	1	0	0	10	0	0	1	4	1	0	0	0	0	1	3	1	0	0	2	0	0	3	6	0	0	4	0	0	0	0	0	2	0	0	0	0	0	0	0	1	1	0	1	0	0	1	0	0	1	1	0	1	0	0	0	0	0	1	0
Bifidobacterium longum subsp. longum AF03-20	fig|216816.288	2	0	0	0	2	1	0	2	0	1	4	0	2	0	0	9	0	0	1	5	0	0	1	0	0	1	3	1	0	0	2	2	0	2	11	0	0	4	0	0	0	0	0	2	0	0	1	0	0	0	0	1	1	0	1	0	1	1	0	1	2	0	0	1	0	1	0	0	0	1	0
Bifidobacterium longum subsp. longum AF04-13	fig|216816.286	1	0	0	0	1	1	0	1	0	2	3	0	2	0	0	9	0	1	1	4	0	0	1	0	0	1	2	1	0	0	2	0	0	2	11	0	0	4	0	0	1	0	0	2	0	0	0	0	0	0	0	1	1	0	1	0	1	0	0	0	1	1	0	1	0	1	0	0	0	1	0
Bifidobacterium longum subsp. longum AF05-2	fig|216816.284	1	0	0	0	1	1	0	1	0	1	4	0	2	0	0	9	0	0	1	3	1	0	1	0	0	1	3	1	0	0	2	2	0	2	5	0	0	4	0	0	0	0	0	2	0	0	1	0	0	0	0	1	1	0	1	0	0	1	0	1	2	1	0	0	0	0	0	0	0	2	0
Bifidobacterium longum subsp. longum AF08-2	fig|216816.283	1	0	0	0	1	1	0	1	0	1	4	0	2	0	0	11	0	0	1	5	3	0	1	0	0	1	2	1	0	0	2	2	0	2	11	0	0	4	0	0	0	0	0	2	0	0	1	0	0	0	0	1	1	0	1	0	1	1	0	1	2	0	0	1	0	1	0	0	0	2	0
Bifidobacterium longum subsp. longum AF11-12	fig|216816.282	0	0	0	0	0	1	0	2	0	2	3	0	1	0	0	10	0	0	1	4	1	0	1	0	0	1	2	1	0	0	1	0	0	2	7	0	0	4	0	0	1	0	0	2	0	0	0	0	0	0	0	1	1	0	1	0	1	1	0	0	2	1	0	1	0	0	0	0	0	1	0
Bifidobacterium longum subsp. longum AF11-41	fig|216816.280	2	0	0	0	2	2	0	1	0	2	4	0	2	0	0	10	0	1	1	2	0	0	1	0	0	1	2	1	0	0	2	2	0	2	7	0	0	4	0	0	1	0	0	2	0	0	1	0	0	0	0	1	1	0	1	0	1	1	0	1	2	1	0	1	0	0	0	0	0	2	0
Bifidobacterium longum subsp. longum AF14-34	fig|216816.277	0	0	0	0	0	1	0	2	0	2	4	0	2	0	0	10	0	0	1	4	0	0	1	0	0	1	2	1	0	0	2	2	0	2	6	0	0	4	1	0	0	0	0	2	1	0	1	0	0	0	0	1	1	0	1	0	1	1	0	1	2	1	0	0	0	1	0	0	0	2	0
Bifidobacterium longum subsp. longum AF26-10	fig|216816.275	1	0	0	0	1	1	1	1	0	1	3	0	2	0	0	10	0	0	1	3	2	0	1	0	0	1	2	1	0	0	2	2	0	2	10	0	0	4	0	0	0	0	0	2	0	0	1	0	0	0	0	1	1	0	1	0	1	0	0	1	1	0	0	1	0	1	0	0	0	2	0
Bifidobacterium longum subsp. longum AF27-1BH	fig|216816.274	0	0	0	0	0	1	0	2	0	2	3	0	2	0	0	8	0	0	1	3	0	0	1	0	0	1	3	1	0	0	1	2	0	2	5	0	0	4	0	0	1	0	0	2	0	0	1	0	0	0	0	1	1	0	1	0	0	1	0	1	2	0	0	1	0	1	0	0	0	0	0
Bifidobacterium longum subsp. longum AF30-12	fig|216816.311	1	0	0	0	1	1	1	1	0	1	3	0	2	0	0	9	0	0	1	2	1	0	1	0	0	1	2	1	0	0	2	2	0	2	11	0	0	4	0	0	0	0	0	2	0	0	1	0	0	0	0	1	1	0	1	0	1	1	0	1	2	0	0	0	0	1	0	0	0	1	0
Bifidobacterium longum subsp. longum AF34-9AC	fig|216816.310	1	0	0	0	1	1	0	1	0	1	4	0	2	0	0	10	0	0	1	4	1	0	1	0	0	1	2	1	0	0	1	2	0	2	11	0	0	3	0	0	0	0	0	2	0	0	1	0	0	0	0	1	1	0	1	0	1	1	0	1	2	0	0	1	0	1	0	0	0	1	0
Bifidobacterium longum subsp. longum AF35-13AC	fig|216816.309	1	0	0	0	1	1	0	1	0	1	4	0	2	0	0	11	0	0	1	4	1	0	1	0	0	1	2	1	0	0	2	2	0	2	11	0	0	4	0	0	0	0	0	2	1	0	1	0	0	0	0	1	1	0	1	0	1	1	0	1	2	1	0	0	0	1	0	0	0	2	1
Bifidobacterium longum subsp. longum AF36-1	fig|216816.308	1	0	0	0	1	2	0	1	0	1	4	0	2	0	0	11	0	0	1	3	2	0	1	0	0	1	2	1	0	0	2	2	0	2	8	0	0	4	0	0	0	0	0	2	1	0	1	0	0	0	0	1	1	0	1	0	0	0	0	1	1	0	0	0	0	1	0	0	0	1	0
Bifidobacterium longum subsp. longum AH1206	fig|1679.26	1	0	0	0	1	1	0	1	1	1	2	0	1	0	0	10	0	0	1	5	2	0	1	0	0	1	2	1	0	0	2	0	0	2	13	0	0	4	1	0	0	0	0	2	0	0	0	0	0	0	0	1	1	0	1	0	0	1	0	0	2	1	0	1	0	1	0	0	0	2	0
Bifidobacterium longum subsp. longum AM10-15B	fig|216816.306	1	0	0	0	1	1	0	2	0	2	4	0	2	0	0	10	0	0	1	5	1	0	1	0	0	1	2	1	0	0	2	2	0	2	9	0	0	4	0	0	1	0	0	2	0	0	1	0	0	0	0	1	1	0	1	0	0	1	0	1	2	1	0	0	0	1	0	0	0	2	0
Bifidobacterium longum subsp. longum AM11-2	fig|216816.305	0	0	0	0	0	1	0	2	0	1	4	0	2	0	0	9	0	1	1	4	0	0	1	0	0	1	3	1	0	0	1	2	0	2	7	0	0	4	1	0	0	0	0	2	0	0	1	0	0	0	0	1	1	0	1	0	0	1	0	1	2	0	0	1	0	1	0	0	0	0	0
Bifidobacterium longum subsp. longum AM12-16	fig|216816.304	2	0	0	0	2	1	1	1	0	1	4	0	2	0	0	9	0	1	1	3	2	0	1	0	0	1	2	1	0	0	1	2	0	2	11	0	0	4	0	0	0	0	0	2	0	0	1	0	0	0	0	1	1	0	1	0	1	1	0	1	2	1	0	0	0	0	0	0	0	1	0
Bifidobacterium longum subsp. longum AM16-2	fig|216816.303	0	0	0	0	0	1	0	1	0	1	4	0	2	0	0	10	0	0	1	3	0	0	1	0	0	1	2	1	0	0	2	2	0	2	9	0	0	4	0	0	0	0	0	2	0	0	1	0	0	0	0	1	1	0	1	0	0	1	0	1	2	0	0	1	0	1	0	0	0	2	0
Bifidobacterium longum subsp. longum AM20-39	fig|216816.301	1	0	0	0	1	2	0	1	0	2	4	0	2	0	0	11	0	0	1	3	0	0	1	0	0	1	3	1	0	0	2	2	0	2	9	0	0	4	0	0	0	0	0	2	0	0	1	0	0	0	0	1	1	0	1	0	0	1	0	1	2	0	0	1	0	1	0	0	0	1	0
Bifidobacterium longum subsp. longum AM21-20	fig|216816.299	0	0	0	0	0	1	0	1	0	1	3	0	2	0	0	10	0	0	1	4	0	0	1	0	0	1	2	1	0	0	2	2	0	2	11	0	0	4	0	0	0	0	0	2	0	0	1	0	0	0	0	2	1	0	1	0	1	1	0	1	2	0	0	1	0	0	0	0	0	1	0
Bifidobacterium longum subsp. longum AM30-9LB	fig|216816.298	0	0	0	0	0	1	0	1	0	1	3	0	1	0	0	10	0	0	1	3	2	0	1	0	0	1	2	1	0	0	2	0	0	2	9	0	0	3	0	0	0	0	0	2	0	0	0	0	0	0	0	1	1	0	1	0	0	1	0	0	2	0	0	1	0	1	0	0	0	2	0
Bifidobacterium longum subsp. longum AM31-13LB	fig|216816.297	1	0	0	0	1	1	0	2	0	1	4	0	2	0	0	10	0	0	1	4	2	0	1	0	0	1	2	2	0	0	2	2	0	2	11	0	0	4	1	0	0	0	0	2	0	0	1	0	0	0	0	1	1	0	1	0	1	1	0	1	2	0	0	1	0	1	0	0	0	1	0
Bifidobacterium longum subsp. longum AM34-3	fig|216816.294	1	0	0	0	1	1	1	2	0	1	2	0	1	0	0	9	0	0	1	3	1	0	1	0	0	1	3	1	0	0	2	0	0	2	11	0	0	4	0	0	0	0	0	2	0	0	0	0	0	0	0	1	1	0	1	0	1	1	0	0	2	0	0	1	0	1	0	0	0	1	0
Bifidobacterium longum subsp. longum AM39-10AC	fig|216816.296	0	0	0	0	0	1	1	1	0	2	4	0	2	0	0	9	0	0	1	2	1	0	1	0	0	1	3	1	0	0	1	2	0	2	12	0	0	5	1	0	1	0	0	2	0	0	1	0	0	0	0	1	1	0	1	0	1	1	0	1	2	1	0	1	0	0	0	0	0	1	0
Bifidobacterium longum subsp. longum AM39-8AC	fig|216816.293	2	0	0	0	2	1	0	2	0	1	3	0	2	0	0	10	0	0	1	3	1	0	1	0	0	1	2	1	0	0	2	2	0	2	10	0	0	4	0	0	0	0	0	2	0	0	1	0	0	0	0	1	1	0	1	0	1	0	0	1	2	0	0	1	0	1	0	0	0	2	0
Bifidobacterium longum subsp. longum AM42-13AT	fig|216816.295	1	0	0	0	1	1	0	1	0	1	3	0	2	0	0	9	0	0	1	3	0	0	1	0	0	1	2	1	0	0	2	2	0	2	9	0	0	4	0	0	0	0	0	2	0	0	1	0	0	0	0	1	1	0	1	0	1	1	0	1	2	0	0	1	0	0	0	0	0	1	0
Bifidobacterium longum subsp. longum APC1462	fig|216816.181	1	0	0	0	1	1	0	3	0	1	4	0	2	0	0	9	0	1	1	5	1	0	1	0	0	1	2	1	0	0	2	2	0	2	13	0	0	4	1	0	0	0	0	2	1	0	1	0	0	0	0	1	1	0	1	0	0	1	0	1	2	0	0	0	0	0	0	0	0	1	0
Bifidobacterium longum subsp. longum APC1464	fig|216816.180	1	0	0	0	1	1	0	2	0	1	4	0	2	0	0	9	0	1	1	4	1	0	1	0	0	1	2	1	0	0	2	2	0	2	11	0	0	3	0	0	0	0	0	2	0	0	1	0	0	0	0	1	1	0	1	0	1	1	0	1	2	0	0	1	0	0	0	0	0	1	0
Bifidobacterium longum subsp. longum APC1465	fig|216816.179	1	0	0	0	1	2	0	1	0	1	3	0	1	0	0	10	0	0	1	3	0	0	1	0	0	1	2	1	0	0	3	0	1	2	11	0	0	5	1	0	0	0	0	2	1	0	0	0	0	0	0	1	1	0	1	0	1	1	0	0	2	1	0	0	0	0	0	0	0	2	0
Bifidobacterium longum subsp. longum APC1466	fig|216816.185	1	0	0	0	1	2	0	1	0	1	3	0	1	0	0	10	0	0	1	3	0	0	1	0	0	1	2	1	0	0	3	0	1	2	10	0	0	5	1	0	0	0	0	2	0	0	0	0	0	0	0	1	1	0	1	0	1	0	0	0	1	1	0	0	0	0	0	0	0	2	0
Bifidobacterium longum subsp. longum APC1468	fig|216816.178	2	0	0	0	2	2	0	1	0	1	4	0	2	0	0	8	0	1	1	4	1	0	1	0	0	1	3	1	0	0	3	2	1	2	11	0	0	5	1	0	0	0	0	2	0	0	1	0	0	0	0	1	1	0	1	0	1	1	0	1	2	0	0	0	0	0	0	0	0	0	1
Bifidobacterium longum subsp. longum APC1472	fig|216816.176	1	0	0	0	1	3	0	2	0	1	3	0	2	0	0	10	0	0	1	4	0	0	0	0	0	1	2	1	0	0	2	2	0	3	11	0	0	4	1	0	0	0	0	2	0	0	1	0	0	0	0	1	1	0	1	0	0	1	0	1	1	1	0	1	0	1	0	0	0	1	0
Bifidobacterium longum subsp. longum APC1473	fig|216816.177	1	0	0	0	1	1	0	1	0	1	4	0	2	0	0	9	0	0	1	3	0	0	1	0	0	1	2	2	0	0	1	2	0	2	12	0	0	5	1	0	0	0	0	2	1	0	1	0	0	0	0	1	1	0	1	0	1	1	0	1	2	1	0	0	0	0	0	0	0	1	0
Bifidobacterium longum subsp. longum APC1476	fig|216816.184	1	0	0	0	1	1	0	1	0	1	3	0	2	0	0	9	0	0	1	3	2	0	1	0	0	1	2	1	0	0	3	2	1	2	16	0	0	5	1	0	0	0	0	2	0	0	1	0	0	0	0	1	1	0	1	0	1	1	0	1	2	0	0	1	0	1	0	0	0	1	0
Bifidobacterium longum subsp. longum APC1478	fig|216816.173	1	0	0	0	1	1	1	1	0	1	5	0	2	0	0	9	0	0	1	2	1	0	1	0	1	1	2	1	0	0	3	2	1	2	9	0	0	4	1	0	0	0	0	2	0	0	1	0	0	0	1	1	1	0	1	0	0	1	0	1	2	0	0	1	0	1	0	0	0	2	0
Bifidobacterium longum subsp. longum APC1480	fig|216816.174	1	0	0	0	1	3	0	1	0	1	3	0	1	0	0	11	0	0	1	3	2	0	0	0	0	1	2	1	0	0	2	0	0	3	9	0	0	4	1	0	0	0	0	2	0	0	0	0	0	0	0	1	1	0	1	0	0	1	0	0	1	1	0	0	0	1	0	0	0	1	0
Bifidobacterium longum subsp. longum APC1482	fig|216816.172	1	0	0	0	1	3	0	1	0	2	3	0	2	0	0	10	0	0	1	3	1	0	0	0	0	1	2	1	0	0	2	2	0	3	10	0	0	4	1	0	0	0	0	2	0	0	1	0	0	0	0	1	1	0	1	0	0	1	0	1	1	0	0	1	0	1	0	0	0	2	0
Bifidobacterium longum subsp. longum APC1503	fig|216816.169	1	0	0	0	1	1	0	1	0	1	6	0	2	0	0	9	0	1	1	3	2	0	1	0	0	1	2	1	0	0	3	2	1	2	12	0	0	5	1	0	0	0	0	2	1	0	1	0	0	0	0	1	1	0	1	0	1	1	0	1	2	0	0	0	0	1	0	0	0	2	0
Bifidobacterium longum subsp. longum APC1504	fig|216816.168	1	0	0	0	1	1	1	1	0	1	3	0	1	0	0	9	0	0	1	4	2	0	1	0	0	1	2	1	0	0	2	0	0	2	8	0	0	5	1	0	0	0	0	2	0	0	0	0	0	0	0	1	1	0	1	0	0	1	0	0	2	0	0	1	0	1	0	0	0	2	0
Bifidobacterium longum subsp. longum ATCC 55813	fig|548480.3	1	0	0	0	1	1	0	1	0	2	5	0	2	0	0	8	0	0	1	4	1	0	1	0	0	1	2	1	0	0	2	2	0	2	13	0	0	5	0	0	0	0	0	2	0	0	1	0	0	0	0	1	1	0	1	0	0	1	0	1	2	1	0	0	0	0	0	0	0	2	0
Bifidobacterium longum subsp. longum BBMN68	fig|890402.3	1	0	0	0	1	1	0	1	0	1	4	0	2	0	0	11	0	0	1	2	1	0	1	0	0	1	2	1	0	0	2	2	0	2	9	0	0	3	0	0	0	0	0	2	0	0	1	0	0	0	0	1	1	0	1	0	0	1	0	1	2	0	0	1	0	1	0	0	0	2	0
Bifidobacterium longum subsp. longum Bg009.S10_1D10	fig|216816.1984	1	0	0	0	1	2	0	1	0	1	2	0	1	0	0	11	0	0	1	3	4	0	1	0	0	1	2	2	0	0	2	0	0	2	8	0	0	3	0	0	0	0	0	2	0	0	0	0	0	0	0	1	1	0	1	0	1	1	0	0	2	1	0	1	0	0	0	0	0	1	0
Bifidobacterium longum subsp. longum Bg115.S08_3A11	fig|216816.2012	1	0	0	0	1	1	0	1	0	2	2	0	1	0	0	9	0	0	1	2	2	0	1	0	0	1	3	2	0	0	2	0	0	2	9	0	0	5	0	0	0	0	0	2	0	0	0	0	0	0	0	1	1	0	1	0	1	1	0	0	2	1	0	1	0	0	0	0	0	1	0
Bifidobacterium longum subsp. longum Bg115.S08_3B11	fig|216816.2011	1	0	0	0	1	1	0	1	0	1	3	0	1	0	0	10	0	0	1	2	0	0	1	0	0	1	2	2	0	0	1	0	0	2	7	0	0	4	0	0	0	0	0	2	0	0	0	0	0	0	0	1	1	0	1	0	1	1	0	0	2	1	0	1	0	0	0	0	0	1	0
Bifidobacterium longum subsp. longum Bg155.S09_3D10	fig|216816.1991	1	0	0	0	1	1	0	2	0	1	2	0	1	0	0	10	0	0	1	4	1	0	1	0	0	1	3	3	0	0	2	0	0	2	10	0	0	4	0	0	0	0	0	2	0	0	0	0	0	0	0	1	1	0	1	0	1	1	0	0	2	1	0	1	0	2	0	0	0	3	0
Bifidobacterium longum subsp. longum Bg41721_1A7	fig|216816.1983	1	0	0	0	1	2	0	1	0	1	5	0	1	0	0	9	0	0	1	2	1	0	1	0	0	2	2	2	0	0	1	0	0	2	4	0	0	4	0	1	0	0	0	2	1	0	0	0	0	0	0	1	1	0	1	0	0	1	0	0	2	1	0	0	0	0	0	1	0	0	0
Bifidobacterium longum subsp. longum BG7	fig|216816.114	0	0	0	0	0	1	1	1	0	1	7	0	2	0	0	9	0	0	1	4	2	0	1	0	0	1	2	1	0	0	1	2	0	2	10	0	0	4	0	0	0	0	0	2	1	0	1	0	0	0	0	1	1	0	1	0	1	1	0	1	2	1	0	0	0	0	0	0	0	1	0
Bifidobacterium longum subsp. longum BLOI2	fig|1679.8	1	0	0	0	1	1	1	0	0	1	3	0	2	0	0	9	0	1	1	3	2	0	1	0	0	1	2	1	0	0	2	2	0	2	11	0	0	6	1	0	0	0	0	2	0	0	1	0	0	0	0	1	1	0	1	0	1	1	0	1	2	1	0	1	0	0	0	0	0	1	0
Bifidobacterium longum subsp. longum BORI	fig|1679.51	1	0	0	0	1	1	0	1	0	2	3	0	2	0	0	10	0	0	1	2	0	0	1	0	0	1	2	1	0	0	2	2	0	2	15	0	0	5	0	0	1	0	0	2	0	0	1	0	0	0	0	1	1	0	1	0	0	1	0	1	2	1	0	1	0	1	0	0	0	1	0
Bifidobacterium longum subsp. longum CCUG 52486	fig|537937.5	1	0	0	0	1	2	0	1	0	1	3	0	1	0	0	10	0	0	1	4	0	0	1	0	0	1	2	1	0	0	1	0	0	2	15	0	0	4	0	0	0	0	0	2	0	0	0	0	0	0	0	1	1	0	1	0	1	1	0	0	2	1	0	0	0	0	0	0	0	0	0
Bifidobacterium longum subsp. longum CCUG30698	fig|1679.10	1	0	0	0	1	1	0	1	0	1	3	0	2	0	0	9	0	1	1	2	1	0	1	0	0	1	2	2	0	0	2	2	0	2	13	0	0	5	1	0	0	0	0	2	0	0	1	0	0	0	0	1	1	0	1	0	0	1	0	1	2	1	0	0	0	0	0	0	0	2	0
Bifidobacterium longum subsp. longum CECT 7210	fig|1682.23	2	0	0	0	2	1	0	1	0	1	5	0	2	0	0	9	0	1	1	3	2	0	1	0	0	1	3	1	0	0	3	2	0	2	12	0	0	5	1	0	0	0	0	2	0	0	1	0	0	0	0	1	1	0	1	0	1	1	0	1	2	1	0	0	0	0	0	0	0	1	1
Bifidobacterium longum subsp. longum CECT 7347	fig|1205679.3	1	0	0	0	1	1	0	2	0	1	2	0	1	0	0	8	0	0	1	4	3	0	1	0	0	1	2	1	0	0	1	0	0	2	11	0	0	4	1	0	0	0	0	2	0	0	0	0	0	0	0	1	1	0	1	0	1	1	0	0	2	1	0	0	0	0	0	0	0	1	0
Bifidobacterium longum subsp. longum CMW7750	fig|216816.115	0	0	0	0	0	1	0	1	1	1	4	0	1	0	0	9	0	0	1	5	0	0	1	0	0	1	2	1	0	0	2	0	0	2	11	0	0	4	1	0	0	0	0	2	1	0	0	0	0	0	0	1	1	0	1	0	1	1	0	0	2	1	0	0	0	0	0	0	0	1	0
Bifidobacterium longum subsp. longum DJO10A	fig|205913.6	0	0	0	0	0	1	0	1	0	1	3	0	2	0	0	9	0	0	1	4	1	0	1	0	0	1	3	1	0	0	2	3	0	2	11	0	0	5	1	0	0	0	0	2	0	0	1	0	0	0	0	1	1	0	1	0	1	0	0	1	1	1	0	0	0	0	0	0	0	2	1
Bifidobacterium longum subsp. longum DPC6316	fig|216816.171	1	0	0	0	1	1	0	2	0	2	3	0	2	0	0	10	0	0	1	4	0	0	1	0	0	1	3	1	0	0	3	2	1	2	13	0	0	5	1	0	0	0	0	2	0	0	1	0	0	0	0	1	1	0	1	0	0	1	0	1	2	1	0	0	0	0	0	0	0	2	0
Bifidobacterium longum subsp. longum DPC6317	fig|216816.167	0	0	0	0	0	1	1	2	0	1	3	0	2	0	0	10	0	0	1	5	1	0	1	0	0	1	2	1	0	0	2	2	0	2	11	0	0	4	0	0	0	0	0	2	0	0	1	0	0	0	0	1	1	0	1	0	1	1	0	1	2	0	0	1	0	1	0	0	0	1	0
Bifidobacterium longum subsp. longum DPC6320	fig|216816.183	1	0	0	0	1	1	0	2	0	2	4	0	2	0	0	9	0	0	1	3	0	0	1	0	0	1	2	2	0	0	3	2	1	2	15	0	0	5	1	0	0	0	0	2	0	0	1	0	0	0	0	1	1	0	1	0	1	1	0	1	2	1	0	1	0	0	0	0	0	2	0
Bifidobacterium longum subsp. longum DPC6321	fig|216816.170	2	0	0	0	2	1	0	1	0	2	5	0	2	0	0	10	0	1	1	4	1	0	1	0	0	1	2	1	0	0	3	2	1	2	15	0	0	5	0	0	0	0	0	2	0	0	1	0	0	0	0	1	1	0	1	0	1	1	0	1	2	1	0	0	0	0	0	0	0	1	0
Bifidobacterium longum subsp. longum DPC6323	fig|216816.182	0	0	0	0	0	1	0	2	1	1	3	0	2	0	0	10	0	0	1	5	0	0	1	0	1	1	2	1	0	0	3	2	1	2	8	0	0	5	1	0	0	0	0	2	0	0	1	0	0	0	1	1	1	0	1	0	0	1	0	1	2	1	0	1	0	0	0	0	0	1	1
Bifidobacterium longum subsp. longum DS32_3	fig|1679.45	1	0	0	0	1	1	0	1	0	1	4	0	2	0	0	10	0	0	1	3	0	0	1	0	0	1	3	1	0	0	2	2	0	2	9	0	0	4	0	0	0	0	0	2	0	0	1	0	0	0	0	1	1	0	1	0	0	1	0	1	2	1	0	1	0	0	0	0	0	1	0
Bifidobacterium longum subsp. longum DS9_3	fig|216816.228	0	0	0	0	0	1	0	1	0	1	3	0	1	0	0	11	0	1	1	2	2	0	1	0	0	1	2	1	0	0	2	0	0	2	11	0	0	5	0	0	0	0	0	2	0	0	0	0	0	0	0	1	1	0	1	0	0	1	0	0	2	1	0	1	0	0	0	0	0	2	0
Bifidobacterium longum subsp. longum E18	fig|1322347.4	1	0	0	0	1	1	0	1	0	1	3	0	2	0	0	9	0	0	1	2	4	0	1	0	0	1	2	1	0	0	2	2	0	2	7	0	0	4	1	0	0	0	0	2	0	0	1	0	0	0	0	1	1	0	1	0	0	1	0	1	2	0	0	1	0	2	0	0	0	1	0
Bifidobacterium longum subsp. longum EK13	fig|1457186.3	1	0	0	0	1	2	1	1	0	1	3	0	2	0	0	9	0	0	1	5	2	0	1	0	0	1	2	1	0	0	1	3	0	2	9	0	0	5	1	0	0	0	0	2	0	0	1	0	0	0	0	1	1	0	1	0	0	1	0	1	2	1	0	0	0	1	0	0	0	1	0
Bifidobacterium longum subsp. longum EK5	fig|1457185.3	1	0	0	0	1	1	0	1	0	1	4	0	2	0	0	9	0	1	1	2	1	0	1	0	0	1	2	2	0	0	2	2	0	2	5	0	0	4	1	0	0	0	0	2	0	0	1	0	0	0	0	1	1	0	1	0	0	1	0	1	2	1	0	1	0	0	0	0	0	1	0
Bifidobacterium longum subsp. longum F8	fig|722911.3	1	0	0	0	1	1	0	1	0	1	5	0	2	0	0	11	0	0	1	4	1	0	1	0	0	1	3	1	0	0	2	2	0	2	11	0	0	5	1	0	0	0	0	2	0	0	1	0	0	0	0	1	1	0	1	0	1	1	0	1	2	1	0	0	0	1	0	0	0	2	1
Bifidobacterium longum subsp. longum GT15	fig|1300227.3	1	0	0	0	1	1	0	1	0	1	4	0	2	0	0	10	0	0	1	3	0	0	1	0	0	1	2	2	0	0	1	2	0	2	7	0	0	4	1	0	0	0	0	2	0	0	1	0	0	0	0	1	1	0	1	0	1	1	0	1	2	1	0	0	0	0	0	0	0	1	0
Bifidobacterium longum subsp. longum ICIS-505	fig|216816.324	0	0	0	0	0	1	0	1	0	1	3	0	1	0	0	10	0	0	1	3	0	0	1	0	0	1	2	1	0	0	2	0	0	2	10	0	0	4	0	0	0	0	0	2	0	0	0	0	0	0	0	1	1	0	1	0	0	1	0	0	2	1	0	1	0	1	0	0	0	1	0
Bifidobacterium longum subsp. longum Indica	fig|216816.147	0	0	0	0	0	1	0	1	0	1	4	0	2	0	0	9	0	0	1	3	2	0	1	0	0	1	3	1	0	0	1	3	0	2	6	0	0	3	1	0	0	0	0	2	0	0	1	0	0	0	0	0	1	0	1	0	1	1	0	1	2	1	0	0	0	0	0	0	0	1	0
Bifidobacterium longum subsp. longum JCM 1217	fig|565042.3	1	0	0	0	1	1	0	1	0	1	3	0	1	0	0	10	0	0	1	2	1	0	1	0	0	1	2	1	0	0	2	0	0	2	9	0	0	4	0	0	0	0	0	2	0	0	0	0	0	0	0	1	1	0	1	0	0	1	0	0	2	1	0	1	0	2	0	0	0	2	0
Bifidobacterium longum subsp. longum KACC 91563	fig|1035817.4	1	0	0	0	1	2	0	1	0	1	6	0	1	0	0	10	0	0	1	4	0	0	1	0	0	1	2	1	0	0	2	0	0	2	8	0	0	4	0	0	0	0	0	2	0	0	0	0	0	0	0	1	1	0	1	0	1	1	0	0	2	1	0	0	0	0	0	0	0	2	0
Bifidobacterium longum subsp. longum LO-06	fig|1679.14	0	0	0	0	0	2	0	1	0	1	3	0	2	0	0	9	0	0	1	3	0	0	0	0	0	1	2	2	1	0	1	2	0	3	13	0	0	4	1	0	0	0	0	2	0	0	1	0	0	0	0	1	1	0	1	0	1	1	0	1	1	0	0	1	0	1	0	0	0	1	0
Bifidobacterium longum subsp. longum LO-10	fig|1679.20	0	0	0	0	0	1	0	1	0	1	5	0	2	0	0	9	0	0	1	3	2	0	1	0	0	1	2	2	0	0	1	2	0	2	9	0	0	4	0	0	0	0	0	2	1	0	1	0	0	0	0	1	1	0	1	0	0	1	0	1	2	1	0	0	0	1	0	0	0	1	0
Bifidobacterium longum subsp. longum LO-C29	fig|1679.22	1	0	0	0	1	1	1	1	0	2	3	0	2	0	0	9	0	0	1	2	3	0	1	0	0	1	2	1	0	0	1	2	0	2	11	0	0	5	1	0	1	0	0	2	0	0	1	0	0	0	0	1	1	0	1	0	1	1	0	1	2	1	0	0	0	0	0	0	0	1	0
Bifidobacterium longum subsp. longum LO-K29a	fig|1679.23	0	0	0	0	0	1	0	1	0	1	2	0	2	0	0	9	0	0	1	2	2	0	1	0	0	1	3	1	0	0	1	3	0	2	20	0	0	5	0	0	0	0	0	2	0	0	1	0	0	0	0	1	1	0	1	0	1	1	0	1	2	1	0	0	0	0	0	0	0	1	0
Bifidobacterium longum subsp. longum LO-K29b	fig|1679.24	0	0	0	0	0	2	0	1	0	1	5	0	2	0	0	10	0	0	1	3	0	0	1	0	0	1	3	1	0	0	2	2	0	2	5	0	0	4	0	0	0	0	0	2	1	0	1	0	0	0	0	1	1	0	1	0	0	1	0	1	2	1	0	0	0	0	0	0	0	2	0
Bifidobacterium longum subsp. longum MC-42	fig|1679.13	1	0	0	0	1	1	0	1	0	1	3	0	2	0	0	10	0	0	1	2	0	0	1	0	0	1	2	2	0	0	2	2	0	2	15	0	0	5	0	0	0	0	0	2	0	0	1	0	0	0	0	1	1	0	1	0	1	1	0	1	2	1	0	1	0	0	0	0	0	2	0
Bifidobacterium longum subsp. longum MCC10007	fig|1350472.4	0	0	0	0	0	1	0	2	0	1	3	0	2	0	0	9	0	0	1	5	3	0	0	0	0	1	2	1	0	0	2	2	0	3	8	0	0	4	1	0	0	0	0	2	0	0	1	0	0	0	1	1	1	0	1	0	1	1	0	1	2	1	0	1	0	0	0	0	0	2	0
Bifidobacterium longum subsp. longum NCC2705	fig|206672.9	0	0	0	0	0	1	0	1	0	1	2	0	2	0	0	8	0	0	1	3	0	0	1	0	0	1	2	1	0	0	1	3	0	2	9	0	0	5	1	0	0	0	0	2	0	0	1	0	0	0	0	1	1	0	1	0	0	1	0	1	2	1	0	0	0	0	0	0	0	0	0
Bifidobacterium longum subsp. longum NCIMB8809	fig|1679.9	1	0	0	0	1	1	0	1	0	2	4	0	2	0	0	8	0	0	1	3	1	0	1	0	0	1	2	1	0	0	2	2	0	2	11	0	0	5	1	0	0	0	0	2	0	0	1	0	0	0	0	1	1	0	1	0	1	1	0	1	2	1	0	1	0	0	0	0	0	1	0
Bifidobacterium longum subsp. longum OF01-16	fig|216816.276	1	0	0	0	1	1	0	1	0	1	3	0	2	0	0	10	0	0	1	3	1	0	1	0	0	1	2	1	0	0	2	2	0	2	9	0	0	4	1	0	0	0	0	2	0	0	1	0	0	0	0	1	1	0	1	0	0	1	0	1	2	0	0	0	0	1	0	0	0	1	0
Bifidobacterium longum subsp. longum OM05-2BH	fig|216816.272	0	0	0	0	0	1	1	2	0	1	2	0	1	0	0	9	0	0	1	4	3	0	1	0	0	1	2	1	0	0	1	0	0	2	10	0	0	3	1	0	0	0	0	2	0	0	0	0	0	0	0	1	1	0	1	0	1	0	0	0	1	1	0	0	0	1	0	0	0	1	0
Bifidobacterium longum subsp. longum SC596	fig|1679.217	0	0	0	0	0	2	0	1	1	1	5	0	2	0	0	10	0	0	1	5	2	0	1	0	1	1	2	1	0	0	2	2	0	2	15	0	0	5	1	0	0	0	0	2	0	0	1	0	0	0	1	1	1	0	1	0	1	1	0	1	2	1	0	0	0	1	0	0	0	2	0
Bifidobacterium longum subsp. longum TF01-22	fig|216816.271	0	0	0	0	0	1	0	1	0	3	3	0	2	0	0	8	0	0	1	4	1	0	1	0	0	1	2	1	0	0	1	2	0	2	11	0	0	4	0	0	1	0	0	2	0	0	1	0	0	0	0	1	1	0	1	0	1	0	0	1	1	1	0	1	0	0	0	0	0	1	0
Bifidobacterium longum subsp. longum TF06-12AC	fig|216816.273	2	0	0	0	2	1	0	1	0	1	5	0	2	0	0	10	0	0	1	3	3	0	1	0	0	1	2	1	0	0	1	2	0	2	6	0	0	3	0	0	0	0	0	2	1	0	1	0	0	0	0	1	1	0	1	0	0	0	0	1	1	0	0	0	0	1	0	0	0	1	0
Bifidobacterium longum subsp. longum TF07-34	fig|216816.267	2	0	0	0	2	1	0	2	0	1	3	0	1	0	0	10	0	0	1	4	1	0	1	0	0	1	2	1	0	0	2	0	0	2	8	0	0	4	1	0	0	0	0	2	0	0	0	0	0	0	0	1	1	0	1	0	0	0	0	0	1	0	0	1	0	1	0	0	0	1	0
Bifidobacterium longum subsp. longum TF07-39	fig|216816.265	2	0	0	0	2	1	0	1	0	1	3	0	1	0	0	10	0	0	1	4	2	0	1	0	0	1	3	1	0	0	2	0	0	2	8	0	0	4	1	0	0	0	0	2	0	0	0	0	0	0	0	1	1	0	1	0	0	0	0	0	1	0	0	1	0	1	0	0	0	1	0
Bifidobacterium longum subsp. longum TF08-4AC	fig|216816.269	1	0	0	0	1	1	0	2	0	1	3	0	2	0	0	9	0	0	1	4	2	0	1	0	0	1	2	2	0	0	2	2	0	2	11	0	0	4	1	0	0	0	0	2	0	0	1	0	0	0	0	1	1	0	1	0	1	1	0	1	2	1	0	1	0	1	0	0	0	2	0
Bifidobacterium longum subsp. longum TM01-1	fig|216816.268	1	0	0	0	1	1	0	1	0	1	2	0	2	0	0	10	0	0	1	4	0	0	1	0	0	1	3	1	0	0	1	3	0	2	11	0	0	3	0	0	0	0	0	2	0	0	1	0	0	0	0	1	1	0	1	0	1	1	0	1	2	1	0	1	0	1	0	0	0	1	0
Bifidobacterium longum subsp. longum TM02-7	fig|216816.264	0	0	0	0	0	1	0	3	0	2	4	0	2	0	0	9	0	0	1	5	1	0	1	0	0	1	2	1	0	0	2	2	0	2	7	0	0	4	0	0	1	0	0	2	0	0	1	0	0	0	0	1	1	0	1	0	1	1	0	1	2	0	0	1	0	1	0	0	0	2	0
Bifidobacterium longum subsp. longum TM04-17	fig|216816.263	2	0	0	0	2	1	1	1	0	1	4	0	2	0	0	9	0	0	1	3	4	0	1	0	0	1	2	1	0	0	3	2	2	2	13	0	0	5	0	0	0	0	0	2	0	0	1	0	0	0	0	1	1	0	1	0	0	1	0	1	3	1	0	0	0	0	0	0	0	0	1
Bifidobacterium longum subsp. longum TM04-48B	fig|216816.292	1	0	0	0	1	1	1	1	1	1	4	0	2	0	0	8	0	0	1	3	3	0	1	0	0	1	2	1	0	0	3	2	2	2	9	0	0	4	0	0	0	0	0	2	0	0	1	0	0	0	0	1	1	0	1	0	0	1	0	1	3	1	0	0	0	0	0	0	0	1	1
Bifidobacterium longum subsp. longum TM05-14	fig|216816.291	1	0	0	0	1	1	0	1	0	1	4	0	2	0	0	9	0	0	1	5	1	0	1	0	0	1	4	1	0	0	1	3	0	2	4	0	0	4	0	0	0	0	0	2	1	0	1	0	0	0	0	1	1	0	1	0	0	0	0	1	1	0	0	0	0	0	0	0	0	1	0
Bifidobacterium longum subsp. longum TM06-1	fig|216816.290	2	0	0	0	2	1	0	2	0	1	4	0	2	0	0	10	0	0	1	4	1	0	1	0	0	1	2	1	0	0	2	2	0	2	13	0	0	5	0	0	0	0	0	2	0	0	1	0	0	0	0	1	1	0	1	0	0	1	0	1	2	0	0	1	0	1	0	0	0	1	0
Bifidobacterium longum subsp. longum UMB0788	fig|216816.222	1	0	0	0	1	1	0	2	1	1	4	0	2	0	0	9	0	0	1	4	2	0	1	0	0	1	3	1	0	0	1	2	0	2	9	0	0	5	0	0	0	0	0	2	0	0	1	0	0	0	0	1	1	0	1	0	0	1	0	1	2	1	0	0	0	0	0	0	0	1	0
Bifidobacterium longum subsp. longum VKPM Ac-1636	fig|1679.55	1	0	0	0	1	1	0	1	0	1	3	0	1	0	0	11	0	0	1	3	2	0	1	0	0	1	2	1	0	0	2	0	0	2	13	0	0	5	0	0	0	0	0	2	0	0	0	0	0	0	0	1	1	0	1	0	0	1	0	0	2	1	0	1	0	1	0	0	0	1	0
Bifidobacterium longum subsp. longum VMKB44	fig|1679.7	1	0	0	0	1	1	0	1	0	1	4	0	1	0	0	10	0	0	1	3	2	0	1	0	0	1	3	1	0	0	2	0	0	2	9	0	0	4	0	0	0	0	0	2	0	0	0	0	0	0	0	1	1	0	1	0	1	1	0	0	2	1	0	0	0	0	0	0	0	1	0
Bifidobacterium longum subsp. longum W11	fig|1679.31	1	0	0	0	1	1	0	1	0	2	5	0	2	0	0	9	0	0	1	3	0	0	1	0	0	1	2	1	0	0	2	2	0	2	13	0	0	5	0	0	0	0	0	2	0	0	1	0	0	0	0	1	1	0	1	0	0	1	0	1	2	1	0	1	0	1	0	0	0	2	0
Bifidobacterium longum subsp. suis APC1461	fig|216816.186	0	0	0	0	0	2	0	1	1	2	4	0	1	0	0	11	0	1	2	3	1	0	0	0	0	2	1	1	0	0	1	3	0	3	3	0	0	2	1	1	0	0	0	3	1	0	0	0	0	0	1	1	1	0	1	0	0	1	0	2	1	1	0	0	0	0	0	1	0	0	0
Bifidobacterium longum subsp. suis Bg131.S11_17.F6	fig|1695.38	0	0	0	0	0	2	0	1	0	1	2	0	1	0	0	11	0	0	2	3	1	0	0	0	2	0	1	1	2	0	1	2	0	2	1	0	0	1	1	0	0	0	0	2	0	0	0	0	0	0	1	0	1	0	1	0	0	0	0	1	0	1	0	0	0	0	0	0	0	0	0
Bifidobacterium longum subsp. suis Bg155.S08_5B11	fig|216816.1989	0	0	0	0	0	1	0	2	0	1	3	0	2	0	0	10	0	0	1	4	4	0	0	0	1	2	2	3	0	0	1	3	0	2	4	0	0	3	1	0	0	0	0	2	0	0	1	0	0	0	1	0	1	0	1	0	1	1	0	1	1	1	0	0	0	0	0	0	0	1	0
Bifidobacterium longum subsp. suis Bg41121_2E1	fig|1682.76	0	0	0	0	0	1	0	1	0	1	3	0	2	0	0	12	0	0	1	3	1	0	0	0	1	1	3	2	0	0	1	2	0	2	6	0	0	3	1	0	0	0	0	2	0	0	1	0	0	0	1	0	1	0	1	0	1	0	0	1	0	1	0	0	0	0	1	0	0	0	0
Bifidobacterium longum subsp. suis BgEED06	fig|216816.378	0	0	0	0	0	2	1	1	0	1	3	0	2	1	0	9	0	0	1	3	1	0	0	0	1	1	1	3	1	0	1	2	0	2	4	0	0	1	1	0	0	0	0	2	0	0	1	0	0	0	1	0	1	0	1	0	1	0	0	1	0	1	0	0	0	0	0	0	0	1	0
Bifidobacterium longum subsp. suis JDM301	fig|759350.3	0	0	0	0	0	1	1	1	0	1	3	0	2	1	0	11	0	0	1	2	0	0	1	0	1	1	1	2	0	1	2	3	0	3	10	0	1	4	1	0	0	0	0	2	0	0	1	0	0	0	1	0	1	0	1	0	1	0	0	1	1	1	0	0	0	1	0	0	0	1	0
Bifidobacterium pseudocatenulatum 1001271st1_F3	fig|28026.752	0	0	0	0	0	1	3	1	1	4	6	0	3	1	0	10	0	1	1	2	1	0	0	0	0	1	1	2	0	0	2	0	0	3	12	0	0	3	0	0	0	0	0	2	0	0	0	0	0	0	0	0	1	0	0	0	1	1	0	1	1	0	0	0	0	1	0	0	0	2	0
Bifidobacterium pseudocatenulatum 12	fig|28026.188	0	1	0	0	0	1	4	0	1	4	5	0	2	1	0	10	0	1	1	1	2	0	1	0	0	1	1	2	0	0	4	1	1	3	9	0	0	3	0	0	0	0	0	2	1	0	0	0	0	0	0	0	1	0	0	0	1	1	0	1	2	0	0	0	0	1	0	0	0	1	0
Bifidobacterium pseudocatenulatum 1896B	fig|28026.102	0	0	0	0	0	1	3	1	0	4	5	0	2	1	0	16	0	1	1	2	1	0	1	0	0	1	1	1	0	0	4	0	2	3	11	0	0	3	0	0	0	0	0	2	0	0	0	0	0	0	1	0	1	0	0	0	1	1	0	1	2	0	0	0	0	1	0	0	0	1	0
Bifidobacterium pseudocatenulatum AF11-18	fig|28026.153	0	1	0	0	0	1	5	1	1	4	5	0	2	2	0	13	0	1	1	2	1	0	1	0	0	1	2	2	0	0	4	0	1	3	10	0	0	2	0	0	0	0	0	2	1	0	0	0	0	0	0	0	1	0	0	0	2	1	0	1	1	0	0	0	0	1	0	0	0	2	0
Bifidobacterium pseudocatenulatum AF26-1	fig|28026.142	0	0	0	0	0	1	4	1	0	3	5	0	2	1	0	12	0	1	1	2	3	0	0	0	0	0	1	2	0	0	2	0	0	3	10	0	0	2	0	0	0	0	0	2	1	0	0	0	0	0	0	0	1	0	0	0	1	1	0	1	1	0	0	0	0	1	0	0	0	1	0
Bifidobacterium pseudocatenulatum AM18-42	fig|28026.167	0	0	0	0	0	1	3	1	2	3	5	0	3	1	0	14	0	1	1	2	1	0	1	0	0	0	2	1	0	0	2	0	0	3	10	0	0	2	0	0	0	0	0	2	1	0	0	0	0	0	0	0	1	0	0	0	1	1	0	1	1	0	0	0	0	1	0	0	0	1	0
Bifidobacterium pseudocatenulatum AM43-10	fig|28026.157	0	0	0	0	0	1	4	1	0	3	5	0	2	2	1	11	0	1	1	3	1	0	1	0	0	0	2	2	0	0	2	0	0	3	10	0	0	2	0	0	0	0	0	2	1	0	0	0	0	0	0	0	1	0	0	0	1	1	0	1	1	0	0	0	0	1	0	0	0	1	0
Bifidobacterium pseudocatenulatum Bif4	fig|28026.840	0	0	0	0	0	1	5	1	0	3	5	0	3	2	0	13	0	1	1	3	1	0	1	0	0	0	2	1	0	0	2	0	0	3	10	0	0	1	0	0	0	0	0	2	1	0	0	0	0	0	0	0	1	0	0	0	2	1	0	1	1	0	0	0	0	1	0	0	0	1	0
Bifidobacterium pseudocatenulatum ca_0067	fig|28026.753	0	0	0	0	0	1	4	1	0	3	5	0	2	1	0	10	0	0	1	2	1	0	1	0	0	0	1	1	0	0	2	0	0	3	10	0	0	2	0	0	0	0	0	2	1	0	0	0	0	0	0	0	1	0	0	0	1	1	0	1	1	0	0	0	0	0	0	0	0	1	0
Bifidobacterium pseudocatenulatum CA-05	fig|28026.27	0	0	0	0	0	1	4	0	1	5	6	0	3	1	0	9	0	1	1	2	1	0	1	0	0	0	2	2	0	0	2	3	0	3	9	0	0	2	0	0	0	0	0	2	1	0	1	0	0	0	0	0	1	0	0	0	1	1	0	2	1	0	0	0	0	1	0	0	0	2	0
Bifidobacterium pseudocatenulatum CA-B29	fig|28026.28	0	0	0	0	0	1	4	0	0	3	5	0	2	2	0	13	0	1	1	2	1	0	0	0	0	0	2	2	0	0	2	0	0	3	11	0	0	1	0	0	0	0	0	2	1	0	0	0	0	0	0	0	1	0	0	0	2	1	0	1	1	0	0	0	0	1	0	0	0	1	0
Bifidobacterium pseudocatenulatum CA-C29	fig|28026.29	0	0	0	0	0	1	3	1	1	6	5	0	2	1	0	13	0	1	1	2	1	0	0	0	0	0	2	2	0	0	2	0	0	3	11	0	0	2	0	0	0	0	0	2	1	0	0	0	0	0	1	0	1	0	0	0	1	1	0	1	1	0	0	0	0	0	0	0	0	1	0
Bifidobacterium pseudocatenulatum CA-D29	fig|28026.30	0	1	0	0	0	1	4	1	1	6	5	0	2	2	1	11	0	1	1	1	1	0	0	0	0	0	2	1	0	0	3	0	0	3	11	0	0	2	0	0	0	0	0	2	1	0	0	0	0	0	0	0	1	0	0	0	1	1	0	1	1	0	0	0	0	1	0	0	0	1	0
Bifidobacterium pseudocatenulatum CA-K29a	fig|28026.31	0	0	0	0	0	1	3	0	2	3	4	0	2	1	0	14	0	1	1	2	2	0	0	0	0	0	2	1	0	0	3	0	1	3	10	0	0	2	0	0	0	1	0	2	1	0	0	0	0	0	1	0	1	0	0	0	1	1	0	1	1	0	0	0	0	0	0	0	0	1	0
Bifidobacterium pseudocatenulatum CA-K29b	fig|28026.32	0	1	0	0	0	1	3	0	1	6	5	0	2	1	0	13	0	1	1	2	4	0	0	0	0	0	1	2	0	0	4	0	1	3	10	0	0	2	0	0	0	0	0	2	1	0	0	0	0	0	1	0	1	0	0	0	1	1	0	1	1	0	0	0	0	1	0	0	0	1	0
Bifidobacterium pseudocatenulatum CECT 7765	fig|28026.5	0	0	0	0	0	1	5	1	0	3	5	0	2	2	0	13	0	1	1	3	1	0	0	0	0	0	2	1	0	1	2	0	0	3	10	0	0	2	0	0	0	0	0	2	1	0	0	0	0	0	0	0	1	0	0	0	2	1	0	1	1	0	0	0	0	1	0	0	0	1	0
Bifidobacterium pseudocatenulatum DSM 20438 = JCM 1200 = LMG 10505	fig|547043.16	0	0	0	0	0	1	4	1	0	4	5	0	2	2	0	15	0	1	1	3	1	0	0	0	0	1	2	1	0	0	2	0	0	3	13	0	0	3	0	0	0	0	0	2	0	0	0	0	0	0	1	0	1	0	0	0	2	1	0	0	1	0	0	0	0	1	0	0	0	1	0
Bifidobacterium pseudocatenulatum IPLA36007	fig|1454376.3	0	0	0	0	0	1	4	1	1	4	5	0	2	2	0	12	0	1	1	2	1	0	0	0	0	1	2	1	0	1	3	0	1	3	14	0	0	2	0	0	0	0	0	2	1	0	0	0	0	0	0	0	1	0	0	0	2	1	0	1	1	0	0	0	0	0	0	0	0	1	0
Bifidobacterium pseudocatenulatum LH_663	fig|28026.1002	0	0	0	0	0	1	4	1	0	4	5	0	2	2	0	14	0	1	1	4	1	0	0	0	0	1	2	1	0	1	2	0	0	3	13	0	0	2	0	0	0	0	0	2	0	0	0	0	0	0	0	0	1	0	0	0	2	1	0	1	1	0	0	0	0	1	0	0	0	1	0
Bifidobacterium pseudocatenulatum NBRC 113353	fig|28026.767	0	0	0	0	0	1	3	1	0	3	5	0	3	1	0	14	0	1	1	3	1	0	0	0	0	0	2	2	0	0	3	0	1	3	10	0	0	2	0	0	0	0	0	2	1	0	0	0	0	0	0	0	1	0	0	0	1	1	0	1	1	0	0	0	0	1	0	0	0	1	0
Bifidobacterium pseudocatenulatum STL_TW14.1_LFYP29	fig|6666666.205261	0	0	0	0	0	1	3	1	1	3	5	0	1	1	0	14	0	1	1	4	1	0	0	0	0	1	2	1	0	0	3	0	1	3	9	0	0	3	0	0	0	0	0	2	0	0	0	0	0	0	0	0	1	0	0	0	1	1	0	1	1	0	0	0	0	0	0	0	0	1	0
Bifidobacterium pseudocatenulatum TF05-2AC	fig|28026.137	0	0	0	0	0	1	4	1	0	3	5	0	2	2	1	12	0	1	1	3	2	0	1	0	0	1	1	2	0	0	2	0	0	3	10	0	0	2	0	0	0	0	0	2	1	0	0	0	0	0	0	0	1	0	0	0	1	1	0	1	1	0	0	0	0	1	0	0	0	1	0
Bifidobacterium pseudocatenulatum TM10-1	fig|28026.128	0	0	0	0	0	1	3	1	0	4	5	0	2	1	0	13	0	1	1	2	1	0	1	0	0	0	2	2	0	0	3	0	1	3	12	0	0	2	0	0	0	0	0	2	1	0	0	0	0	0	1	0	1	0	0	0	1	1	0	1	1	0	0	0	0	1	0	0	0	1	0
Bifidobacterium pseudolongum subsp. globosum AF13-3LB	fig|1694.11	1	1	2	1	0	0	3	1	1	3	3	0	0	0	0	17	0	0	0	2	0	0	0	0	1	1	2	1	0	0	4	0	0	3	7	1	0	1	0	0	0	0	0	2	0	0	0	0	0	1	0	0	1	0	0	0	0	0	0	0	0	0	0	0	0	1	0	0	0	0	0
Bifidobacterium pseudolongum subsp. globosum AFF13-10A	fig|1690.84	1	1	2	1	0	2	3	2	1	3	3	0	0	0	0	13	0	0	0	2	1	1	0	0	1	1	3	1	1	0	4	0	0	3	7	0	0	1	0	0	0	0	0	2	0	0	0	0	0	1	0	0	1	0	1	0	0	0	0	0	0	0	0	1	0	1	0	0	1	0	0
Bifidobacterium pseudolongum subsp. globosum PV8-2	fig|1447715.5	1	1	2	1	0	0	3	1	1	3	2	0	0	0	0	16	0	0	0	2	1	0	0	0	0	1	1	1	0	0	4	0	0	1	7	0	0	1	0	0	0	0	0	2	0	0	0	0	0	1	0	0	1	0	0	0	0	0	0	0	0	0	0	0	0	1	0	0	0	0	0
Bifidobacterium scardovii 981_BLON	fig|216816.113	0	1	2	0	0	1	1	2	1	8	11	0	2	0	0	13	1	1	3	4	1	2	0	2	2	2	6	2	0	1	10	3	2	7	16	0	0	5	0	1	0	0	0	2	1	0	0	0	0	1	0	0	0	0	1	1	1	0	1	1	2	1	1	0	0	3	0	0	0	1	0
Bifidobacterium scardovii JCM 12489 = DSM 13734	fig|1150461.5	0	1	2	0	0	1	1	2	1	7	10	0	2	0	0	12	1	1	3	3	4	2	1	2	2	2	6	2	1	1	11	2	2	6	17	0	0	6	0	1	0	0	1	2	2	0	0	0	0	1	0	0	0	0	1	1	1	0	1	1	2	1	1	0	0	2	0	0	0	1	0
Bifidobacterium sp002742445 Bg41721_1F7	fig|630129.8	0	0	0	0	0	1	4	1	1	2	5	0	2	2	0	10	0	1	1	2	2	0	1	0	0	1	2	2	0	1	2	0	0	3	9	0	0	3	0	0	0	0	0	2	0	0	0	0	0	0	1	0	1	0	0	0	2	0	0	0	0	0	0	0	0	1	0	0	0	1	0
Bifidobacterium sp002742445 JG_Bg468	fig|1686.302	0	1	0	0	0	1	2	1	1	4	7	0	1	0	0	9	0	1	1	3	1	0	1	0	0	0	1	3	0	1	3	0	0	2	4	0	0	1	0	0	0	0	0	2	0	0	0	0	1	0	0	0	1	0	0	0	0	0	0	1	0	0	0	0	0	1	0	0	0	2	0
Bifidobacterium sp002742445 SS_Bg39	fig|28026.754	0	0	0	0	0	1	3	1	0	2	5	0	2	1	0	10	0	1	1	2	2	0	1	0	0	1	2	2	0	0	2	0	0	3	10	0	0	3	0	0	0	0	0	2	0	0	0	0	0	0	1	0	1	0	0	0	1	0	0	0	0	0	0	0	0	0	0	0	0	1	0
Bifidobacterium thermophilum RBL67	fig|1254439.12	0	0	2	0	0	0	0	1	0	0	1	0	3	0	0	13	0	1	0	2	1	0	0	0	0	0	1	2	0	0	2	0	0	1	0	0	0	1	0	0	0	0	0	2	0	0	0	0	0	0	0	0	1	0	0	0	0	0	0	0	0	0	0	0	0	0	0	0	0	0	0
